0	-0.030125493
1	-0.030124659
2	-0.030122292
3	-0.030118626
4	-0.030114015
5	-0.030108881
6	-0.03010364
7	-0.030098648
8	-0.03009416
9	-0.030090174
10	-0.030085945
11	-0.030077823
12	-0.030069477
13	-0.030064111
14	-0.030063752
15	-0.030070193
16	-0.030084613
17	-0.030107356
18	-0.030138342
19	-0.030177098
20	-0.030222507
21	-0.030273282
22	-0.030327963
23	-0.030384615
24	-0.030441345
25	-0.0304963
26	-0.030547389
27	-0.030592711
28	-0.030630434
29	-0.030658513
30	-0.030675135
31	-0.030678678
32	-0.030667522
33	-0.030640588
34	-0.030597268
35	-0.030537207
36	-0.030460952
37	-0.030369971
38	-0.030266299
39	-0.030152952
40	-0.030033699
41	-0.029912507
42	-0.02979377
43	-0.029681851
44	-0.029580355
45	-0.029492318
46	-0.029419851
47	-0.029363649
48	-0.02932354
49	-0.029298516
50	-0.029286533
51	-0.029285314
52	-0.029292584
53	-0.029305918
54	-0.029323408
55	-0.029343749
56	-0.029365891
57	-0.02938957
58	-0.029415269
59	-0.029443737
60	-0.029476305
61	-0.029514628
62	-0.029560161
63	-0.029614603
64	-0.0296797
65	-0.029756427
66	-0.029844793
67	-0.029943106
68	-0.030046993
69	-0.030149217
70	-0.030239133
71	-0.030302179
72	-0.03032051
73	-0.03027357
74	-0.030138682
75	-0.029892548
76	-0.0295124
77	-0.028976937
78	-0.028267822
79	-0.02737069
80	-0.026275822
81	-0.024979354
82	-0.023483622
83	-0.02179701
84	-0.019934245
85	-0.017915731
86	-0.015766306
87	-0.013514318
88	-0.011190037
89	-0.00882389
90	-0.006445377
91	-0.004081361
92	-0.001754559
93	0.0005169
94	0.002720165
95	0.004847987
96	0.00689767
97	0.008870331
98	0.010770076
99	0.012602261
100	0.014372506
101	0.016085945
102	0.017746089
103	0.019354883
104	0.02091317
105	0.022420466
106	0.023875696
107	0.025278026
108	0.026626843
109	0.027922401
110	0.029166469
111	0.030361994
112	0.031513293
113	0.032626234
114	0.03370741
115	0.034763877
116	0.035802995
117	0.036831444
118	0.037854896
119	0.038878092
120	0.039904151
121	0.040934689
122	0.041970311
123	0.043010394
124	0.044053538
125	0.045098269
126	0.04614287
127	0.047185761
128	0.048226039
129	0.04926305
130	0.050296425
131	0.051326298
132	0.052352784
133	0.053375928
134	0.054395856
135	0.055412169
136	0.056423978
137	0.057430129
138	0.058428849
139	0.059418057
140	0.060395817
141	0.06136014
142	0.062309388
143	0.063242728
144	0.064159904
145	0.065061434
146	0.065948655
147	0.066823144
148	0.067686584
149	0.068540646
150	0.069386368
151	0.070224242
152	0.071054289
153	0.071875755
154	0.072687586
155	0.073489026
156	0.074279552
157	0.075059373
158	0.075829844
159	0.076593049
160	0.077351948
161	0.07811025
162	0.078871537
163	0.07963911
164	0.080415738
165	0.081202722
166	0.082000038
167	0.082806493
168	0.083619334
169	0.084434878
170	0.085249151
171	0.086057843
172	0.086857078
173	0.087644025
174	0.088416652
175	0.089174247
176	0.089917679
177	0.090648765
178	0.091370246
179	0.092085718
180	0.092798687
181	0.093512449
182	0.09422997
183	0.094952967
184	0.095681927
185	0.096416298
186	0.097153978
187	0.097891774
188	0.098626093
189	0.099352787
190	0.100067804
191	0.100767877
192	0.101450425
193	0.102113972
194	0.102758529
195	0.103385047
196	0.103995374
197	0.104592145
198	0.105177868
199	0.105754732
200	0.106324644
201	0.106888634
202	0.107446964
203	0.107999597
204	0.108545958
205	0.109085339
206	0.109617393
207	0.110141869
208	0.110658766
209	0.111168391
210	0.111670767
211	0.112165733
212	0.112653012
213	0.113131665
214	0.113600304
215	0.114057362
216	0.114500901
217	0.11492909
218	0.115340637
219	0.11573471
220	0.116111405
221	0.116471979
222	0.11681851
223	0.117154039
224	0.117482413
225	0.117807536
226	0.118133359
227	0.118463678
228	0.118801459
229	0.119148943
230	0.119507616
231	0.11987777
232	0.120258916
233	0.12064998
234	0.121049005
235	0.121453729
236	0.121861925
237	0.122271188
238	0.122679448
239	0.123085226
240	0.123487182
241	0.123884401
242	0.124276364
243	0.124662293
244	0.125041434
245	0.125413101
246	0.125776038
247	0.126128904
248	0.126470647
249	0.126800045
250	0.127116204
251	0.127418902
252	0.127708281
253	0.127985379
254	0.128252349
255	0.128511839
256	0.128767264
257	0.129022705
258	0.129282003
259	0.129548745
260	0.129826174
261	0.130116341
262	0.130420178
263	0.130737744
264	0.131067865
265	0.131408671
266	0.131758067
267	0.132113558
268	0.132472856
269	0.132834453
270	0.133197304
271	0.13356118
272	0.133926885
273	0.134295665
274	0.134669183
275	0.135049324
276	0.135437342
277	0.135833787
278	0.136238541
279	0.136650318
280	0.137067033
281	0.137486276
282	0.137905272
283	0.138321435
284	0.138732851
285	0.139138124
286	0.139536754
287	0.139929207
288	0.140316347
289	0.140699581
290	0.141080735
291	0.141461349
292	0.141842642
293	0.142225356
294	0.142609247
295	0.142993438
296	0.143376614
297	0.143756961
298	0.144132823
299	0.144503126
300	0.144867349
301	0.14522611
302	0.145581321
303	0.145935745
304	0.146293199
305	0.146658337
306	0.147035862
307	0.14743047
308	0.147846525
309	0.148287141
310	0.148754205
311	0.149248196
312	0.149767639
313	0.150309619
314	0.150870061
315	0.151443659
316	0.152024812
317	0.152608182
318	0.15318855
319	0.153761658
320	0.154324612
321	0.154875518
322	0.155413796
323	0.155940108
324	0.156455656
325	0.156962307
326	0.157462416
327	0.157958038
328	0.158451117
329	0.158943459
330	0.159436144
331	0.159929893
332	0.160425386
333	0.160922877
334	0.161422662
335	0.161925309
336	0.162431155
337	0.162940568
338	0.163453977
339	0.163971123
340	0.164491148
341	0.165012651
342	0.16553321
343	0.166049792
344	0.166559088
345	0.167057495
346	0.167541859
347	0.168010022
348	0.168460744
349	0.168894281
350	0.169312549
351	0.169718576
352	0.170116502
353	0.17051137
354	0.170908282
355	0.171311974
356	0.171726392
357	0.17215405
358	0.172596109
359	0.173052308
360	0.173520762
361	0.173998611
362	0.174482473
363	0.174968495
364	0.175453127
365	0.175933502
366	0.176407251
367	0.176872935
368	0.177330053
369	0.177778622
370	0.178219295
371	0.178653041
372	0.179080563
373	0.179502454
374	0.179918894
375	0.180329219
376	0.180732393
377	0.181127043
378	0.181511395
379	0.181884174
380	0.182244965
381	0.182594053
382	0.182933021
383	0.183264773
384	0.18359303
385	0.183922552
386	0.184258758
387	0.184606893
388	0.184971987
389	0.185358263
390	0.185768254
391	0.18620302
392	0.186661865
393	0.187141858
394	0.187638669
395	0.188147082
396	0.188661065
397	0.189174849
398	0.18968347
399	0.190182647
400	0.190669431
401	0.191142251
402	0.19160028
403	0.192043573
404	0.192472818
405	0.192888635
406	0.193291827
407	0.193683184
408	0.194062856
409	0.194430818
410	0.19478701
411	0.195130928
412	0.195462231
413	0.195781016
414	0.1960874
415	0.196381854
416	0.196665256
417	0.196938375
418	0.197202048
419	0.197457023
420	0.197703525
421	0.197941695
422	0.198171643
423	0.198393159
424	0.198606273
425	0.198811465
426	0.199009383
427	0.199201325
428	0.199389365
429	0.199575935
430	0.199763965
431	0.1999567
432	0.200157177
433	0.20036829
434	0.2005923
435	0.200830105
436	0.201081318
437	0.201343982
438	0.201614254
439	0.201887008
440	0.202156028
441	0.202414017
442	0.202653596
443	0.202867899
444	0.203050892
445	0.203198284
446	0.203307753
447	0.203378744
448	0.203412869
449	0.203413558
450	0.203385426
451	0.203334261
452	0.20326628
453	0.203187221
454	0.203102485
455	0.203016622
456	0.20293257
457	0.20285215
458	0.202776129
459	0.202704045
460	0.202634948
461	0.202567622
462	0.20250044
463	0.202432043
464	0.202361247
465	0.202286689
466	0.202207324
467	0.202122095
468	0.202029307
469	0.201927175
470	0.201813884
471	0.201687119
472	0.201544595
473	0.201384143
474	0.201203481
475	0.201000956
476	0.200775869
477	0.200528209
478	0.200259166
479	0.199971047
480	0.199666676
481	0.199349656
482	0.199023988
483	0.198693183
484	0.198360334
485	0.198027831
486	0.197696726
487	0.197367238
488	0.197038827
489	0.196709887
490	0.196378392
491	0.196042282
492	0.195699498
493	0.19534859
494	0.194988881
495	0.194620348
496	0.194244114
497	0.193862262
498	0.193477298
499	0.19309225
500	0.19271033
501	0.192334257
502	0.191966463
503	0.191608952
504	0.191262813
505	0.19092849
506	0.19060585
507	0.190294158
508	0.189992666
509	0.18970062
510	0.18941711
511	0.189141675
512	0.188874134
513	0.188614229
514	0.188361981
515	0.188117285
516	0.187879363
517	0.187647085
518	0.187418795
519	0.187192133
520	0.186964657
521	0.186733953
522	0.186497758
523	0.186254728
524	0.186004479
525	0.185747459
526	0.185485459
527	0.185221239
528	0.184957961
529	0.184699404
530	0.184449372
531	0.184210882
532	0.18398651
533	0.183778113
534	0.183586425
535	0.18341167
536	0.183253634
537	0.183111635
538	0.182985417
539	0.182875306
540	0.182782186
541	0.182708213
542	0.182656504
543	0.182630603
544	0.18263481
545	0.182673666
546	0.182750992
547	0.182869963
548	0.183032628
549	0.18323917
550	0.183488104
551	0.18377618
552	0.184098206
553	0.184447852
554	0.184818044
555	0.185201212
556	0.185590476
557	0.185980062
558	0.186365342
559	0.186743546
560	0.187113731
561	0.187476139
562	0.187832249
563	0.188184259
564	0.188534268
565	0.188884203
566	0.189235373
567	0.18958797
568	0.189941382
569	0.190294228
570	0.190644363
571	0.190989672
572	0.191328367
573	0.191659163
574	0.191981987
575	0.192297977
576	0.19260918
577	0.192918797
578	0.193230756
579	0.193549025
580	0.193877533
581	0.194219561
582	0.194577187
583	0.194951412
584	0.195341841
585	0.195746577
586	0.196162864
587	0.196587079
588	0.197014908
589	0.197442201
590	0.197865032
591	0.19827969
592	0.198683229
593	0.199073185
594	0.199447315
595	0.199803986
596	0.200141819
597	0.200459399
598	0.20075568
599	0.201029728
600	0.201280572
601	0.20150779
602	0.201711297
603	0.201891286
604	0.202048989
605	0.202186576
606	0.202306879
607	0.202413973
608	0.202512795
609	0.202608548
610	0.202706932
611	0.202813564
612	0.202933243
613	0.203070107
614	0.203227083
615	0.203405434
616	0.203605355
617	0.203825765
618	0.204064182
619	0.204317622
620	0.204582768
621	0.20485598
622	0.205134173
623	0.205414832
624	0.205695719
625	0.205975295
626	0.206252422
627	0.206525871
628	0.206794528
629	0.207057059
630	0.207311505
631	0.207555802
632	0.207787761
633	0.208004981
634	0.208205561
635	0.208388252
636	0.208552348
637	0.208698281
638	0.208827595
639	0.208942587
640	0.209046478
641	0.209143041
642	0.209236096
643	0.209329611
644	0.209427177
645	0.209531443
646	0.209644305
647	0.209766532
648	0.209897475
649	0.210035543
650	0.210178262
651	0.210322386
652	0.210464639
653	0.210601882
654	0.210731314
655	0.210851154
656	0.210960442
657	0.211058879
658	0.21114719
659	0.211226734
660	0.211299129
661	0.211366452
662	0.211430756
663	0.211493775
664	0.211557229
665	0.211622357
666	0.211689792
667	0.211760193
668	0.211834059
669	0.211911695
670	0.21199383
671	0.212081363
672	0.212175192
673	0.21227652
674	0.212386311
675	0.212504963
676	0.212632616
677	0.212768656
678	0.212911496
679	0.213059232
680	0.213209496
681	0.213359368
682	0.213506116
683	0.213647194
684	0.21378019
685	0.213903527
686	0.214016339
687	0.214118277
688	0.214210061
689	0.21429306
690	0.214368835
691	0.214439598
692	0.214507769
693	0.214575553
694	0.214645414
695	0.21471975
696	0.214800587
697	0.214890104
698	0.214990383
699	0.215103193
700	0.215230455
701	0.215373913
702	0.215534796
703	0.215714216
704	0.215912922
705	0.216131007
706	0.216368195
707	0.216623493
708	0.216894902
709	0.217179878
710	0.217475325
711	0.217777653
712	0.2180835
713	0.218389883
714	0.218694315
715	0.218995477
716	0.219293181
717	0.219588191
718	0.219882413
719	0.220178467
720	0.220479264
721	0.220788038
722	0.221107647
723	0.221440049
724	0.221786397
725	0.222146571
726	0.222518958
727	0.222900935
728	0.223288868
729	0.223678461
730	0.224065648
731	0.224446742
732	0.224818816
733	0.22518039
734	0.22553114
735	0.225871804
736	0.226204431
737	0.226531697
738	0.226856393
739	0.227181329
740	0.227508504
741	0.227838751
742	0.228172024
743	0.228506992
744	0.228841044
745	0.229171055
746	0.229493522
747	0.229805026
748	0.230103203
749	0.230386656
750	0.23065497
751	0.230909302
752	0.231151943
753	0.231385977
754	0.231615536
755	0.231845017
756	0.232078543
757	0.232320166
758	0.232573182
759	0.232839685
760	0.233120961
761	0.23341715
762	0.233727266
763	0.23404995
764	0.234383431
765	0.234725656
766	0.235075111
767	0.235430788
768	0.235792104
769	0.23615933
770	0.236533063
771	0.236913736
772	0.237301907
773	0.237697847
774	0.238101126
775	0.238510948
776	0.238925926
777	0.239344062
778	0.239763463
779	0.240182381
780	0.24059929
781	0.241013483
782	0.241424865
783	0.241833762
784	0.242241251
785	0.242648715
786	0.243057385
787	0.243468444
788	0.243882572
789	0.24429972
790	0.244719464
791	0.245140786
792	0.245562119
793	0.245981909
794	0.246398559
795	0.246810569
796	0.247216993
797	0.247617163
798	0.248010709
799	0.248398033
800	0.248779979
801	0.249157617
802	0.249532315
803	0.249905174
804	0.25027682
805	0.250647679
806	0.251017537
807	0.251385511
808	0.251750575
809	0.252111438
810	0.252466912
811	0.252816635
812	0.253160838
813	0.253500425
814	0.253837457
815	0.254174613
816	0.254514948
817	0.254862036
818	0.25521919
819	0.255589046
820	0.255973626
821	0.25637365
822	0.256788289
823	0.257215617
824	0.257652384
825	0.258094332
826	0.258537228
827	0.25897691
828	0.259409513
829	0.259832322
830	0.260243565
831	0.260642298
832	0.261028906
833	0.26140442
834	0.261770088
835	0.262127623
836	0.262478471
837	0.262823503
838	0.263163395
839	0.263498186
840	0.263827291
841	0.264150205
842	0.264466486
843	0.264776055
844	0.26507986
845	0.265379652
846	0.265677759
847	0.265977285
848	0.266281506
849	0.266593253
850	0.266914937
851	0.267248011
852	0.267592609
853	0.267947855
854	0.268311646
855	0.268680729
856	0.269051535
857	0.269420327
858	0.269783636
859	0.270139138
860	0.270485669
861	0.270823362
862	0.271154019
863	0.271480608
864	0.271806864
865	0.272137115
866	0.272475494
867	0.272825516
868	0.273190035
869	0.27357071
870	0.273967883
871	0.274380889
872	0.274807767
873	0.275245493
874	0.275690687
875	0.276139604
876	0.276588571
877	0.277034763
878	0.277476129
879	0.27791165
880	0.278341678
881	0.278767245
882	0.279189845
883	0.279611298
884	0.28003276
885	0.280454431
886	0.280875697
887	0.281294644
888	0.281708269
889	0.282113144
890	0.282505432
891	0.282881462
892	0.283238692
893	0.283575711
894	0.283892533
895	0.284191175
896	0.284475031
897	0.284748529
898	0.285017134
899	0.285286275
900	0.285560799
901	0.285845004
902	0.28614178
903	0.286452515
904	0.286777639
905	0.287116328
906	0.287466819
907	0.287827174
908	0.288195109
909	0.288568156
910	0.288944298
911	0.289321808
912	0.289699384
913	0.290076662
914	0.290453798
915	0.290831329
916	0.291210527
917	0.291592827
918	0.29197952
919	0.292372026
920	0.292771348
921	0.293177951
922	0.293592198
923	0.294014064
924	0.294443302
925	0.294879958
926	0.295324053
927	0.295775557
928	0.296234565
929	0.296700786
930	0.297173325
931	0.297650791
932	0.298130877
933	0.298610423
934	0.299085872
935	0.299553196
936	0.300008248
937	0.300447502
938	0.300868068
939	0.301267925
940	0.301646399
941	0.302003859
942	0.30234179
943	0.302662919
944	0.302970607
945	0.303268744
946	0.303561712
947	0.303853526
948	0.304147645
949	0.304447108
950	0.304754022
951	0.305069594
952	0.305394415
953	0.30572819
954	0.306070076
955	0.306419139
956	0.306773959
957	0.307132887
958	0.307494523
959	0.307857314
960	0.308219744
961	0.308580773
962	0.308939282
963	0.309294166
964	0.309644629
965	0.309989671
966	0.310328289
967	0.310659898
968	0.310983898
969	0.311299989
970	0.311608807
971	0.311911566
972	0.312210159
973	0.312507455
974	0.3128067
975	0.313111385
976	0.313425411
977	0.313752242
978	0.314094652
979	0.314454897
980	0.314833958
981	0.315231411
982	0.315645861
983	0.316074563
984	0.316513685
985	0.316959061
986	0.317406187
987	0.317850755
988	0.318289379
989	0.31871943
990	0.319139228
991	0.319548477
992	0.319947686
993	0.320337836
994	0.320720352
995	0.321096374
996	0.321466471
997	0.321830926
998	0.322189371
999	0.322540967
1000	0.322885004
1001	0.32322082
1002	0.323548191
1003	0.323867819
1004	0.324180936
1005	0.324489246
1006	0.324794959
1007	0.325100117
1008	0.32540645
1009	0.325715301
1010	0.326027035
1011	0.326341017
1012	0.326655859
1013	0.326969231
1014	0.32727817
1015	0.327579666
1016	0.327870757
1017	0.328149179
1018	0.328414046
1019	0.328665758
1020	0.328906363
1021	0.329139892
1022	0.329371708
1023	0.32960838
1024	0.329857527
1025	0.330126692
1026	0.330422898
1027	0.330752254
1028	0.331118957
1029	0.331525172
1030	0.33197097
1031	0.33245369
1032	0.332968356
1033	0.333508366
1034	0.334065612
1035	0.334631343
1036	0.335197119
1037	0.335754967
1038	0.336298118
1039	0.33682169
1040	0.337322276
1041	0.337798039
1042	0.338248864
1043	0.338675464
1044	0.339079151
1045	0.339461906
1046	0.33982553
1047	0.340171509
1048	0.340501254
1049	0.34081558
1050	0.341115034
1051	0.341400431
1052	0.341672496
1053	0.341932295
1054	0.342181854
1055	0.342423732
1056	0.342661054
1057	0.342897723
1058	0.343137733
1059	0.343384903
1060	0.343642825
1061	0.343914148
1062	0.344200465
1063	0.344502551
1064	0.344819976
1065	0.345151343
1066	0.345494919
1067	0.345848419
1068	0.34620927
1069	0.346575142
1070	0.346943744
1071	0.347313004
1072	0.347681409
1073	0.3480476
1074	0.348410461
1075	0.348769314
1076	0.34912345
1077	0.349472206
1078	0.349815162
1079	0.35015175
1080	0.35048139
1081	0.350803803
1082	0.351118716
1083	0.351426128
1084	0.351726515
1085	0.35202047
1086	0.352308862
1087	0.352592953
1088	0.352873898
1089	0.353152841
1090	0.353431018
1091	0.353709262
1092	0.353988182
1093	0.354268273
1094	0.354549478
1095	0.354831454
1096	0.355113779
1097	0.355395548
1098	0.355675839
1099	0.355954103
1100	0.356229932
1101	0.35650348
1102	0.356775718
1103	0.357047927
1104	0.357321852
1105	0.357599727
1106	0.357883532
1107	0.358175048
1108	0.358475879
1109	0.358786892
1110	0.359108505
1111	0.359441039
1112	0.359784225
1113	0.360137637
1114	0.360501061
1115	0.360874019
1116	0.361256059
1117	0.361647065
1118	0.362046692
1119	0.362454478
1120	0.362869925
1121	0.363291761
1122	0.363718102
1123	0.364146598
1124	0.364574013
1125	0.36499667
1126	0.365411047
1127	0.365813557
1128	0.366201057
1129	0.366571453
1130	0.366923522
1131	0.367257194
1132	0.367573859
1133	0.367875817
1134	0.368166197
1135	0.36844895
1136	0.368728016
1137	0.369007093
1138	0.369289398
1139	0.369576742
1140	0.369869347
1141	0.370166072
1142	0.370464123
1143	0.370759709
1144	0.371048847
1145	0.371327625
1146	0.371593067
1147	0.37184387
1148	0.372080314
1149	0.372304464
1150	0.37252006
1151	0.372731717
1152	0.372944636
1153	0.373164045
1154	0.373394277
1155	0.373638495
1156	0.373898584
1157	0.37417463
1158	0.374465194
1159	0.374767627
1160	0.375078047
1161	0.37539206
1162	0.375705431
1163	0.376014153
1164	0.376315067
1165	0.376606286
1166	0.37688693
1167	0.377157554
1168	0.377420132
1169	0.377677381
1170	0.377932744
1171	0.378190118
1172	0.378452956
1173	0.3787243
1174	0.379006597
1175	0.379301002
1176	0.37960762
1177	0.379925765
1178	0.380253757
1179	0.380589539
1180	0.380931133
1181	0.381276415
1182	0.381623683
1183	0.381971848
1184	0.382319842
1185	0.382666722
1186	0.383011685
1187	0.383353296
1188	0.383689734
1189	0.384019041
1190	0.384338732
1191	0.384646378
1192	0.384940222
1193	0.385218995
1194	0.385482417
1195	0.3857315
1196	0.385967952
1197	0.386194313
1198	0.386413917
1199	0.386630132
1200	0.386846274
1201	0.387065467
1202	0.387289711
1203	0.38751992
1204	0.387756123
1205	0.387997041
1206	0.388240394
1207	0.388483421
1208	0.388722894
1209	0.388955854
1210	0.389180318
1211	0.38939517
1212	0.3896006
1213	0.38979834
1214	0.389991186
1215	0.390183007
1216	0.390378605
1217	0.390582835
1218	0.390800387
1219	0.391035516
1220	0.391291273
1221	0.391569414
1222	0.391870358
1223	0.39219284
1224	0.392534359
1225	0.392891742
1226	0.393261251
1227	0.393639263
1228	0.394022641
1229	0.394408672
1230	0.394795492
1231	0.395182188
1232	0.395568202
1233	0.395953418
1234	0.396338069
1235	0.396722144
1236	0.39710555
1237	0.397488106
1238	0.397869091
1239	0.398247509
1240	0.398622211
1241	0.398991621
1242	0.399354365
1243	0.399709416
1244	0.400055725
1245	0.400392658
1246	0.400720097
1247	0.401037866
1248	0.401345985
1249	0.401644532
1250	0.40193305
1251	0.402210865
1252	0.402477129
1253	0.402730426
1254	0.402969274
1255	0.403192472
1256	0.403398865
1257	0.403588088
1258	0.403760943
1259	0.403919116
1260	0.404065623
1261	0.404204919
1262	0.404342217
1263	0.404483556
1264	0.404635424
1265	0.404803589
1266	0.404992888
1267	0.40520688
1268	0.405446955
1269	0.405712426
1270	0.406000731
1271	0.406307151
1272	0.406625577
1273	0.406949188
1274	0.40727064
1275	0.407582969
1276	0.40788018
1277	0.408157067
1278	0.408409804
1279	0.408636339
1280	0.408835976
1281	0.409009564
1282	0.409159492
1283	0.409289058
1284	0.409402393
1285	0.409504268
1286	0.409599378
1287	0.409692407
1288	0.409787941
1289	0.409890012
1290	0.410002365
1291	0.410128536
1292	0.410271415
1293	0.410433444
1294	0.410616631
1295	0.410822009
1296	0.411049678
1297	0.411298681
1298	0.411566709
1299	0.411850503
1300	0.412146088
1301	0.412448641
1302	0.412753137
1303	0.413054706
1304	0.413348667
1305	0.413631281
1306	0.413900136
1307	0.414154053
1308	0.414393559
1309	0.414620803
1310	0.414838919
1311	0.415052062
1312	0.415264822
1313	0.415481231
1314	0.415704629
1315	0.415937295
1316	0.416179872
1317	0.416431822
1318	0.416691551
1319	0.416956325
1320	0.4172232
1321	0.417489397
1322	0.417752178
1323	0.418009641
1324	0.418260971
1325	0.418506007
1326	0.418745703
1327	0.418981979
1328	0.419216975
1329	0.419453076
1330	0.419692496
1331	0.419936481
1332	0.420185606
1333	0.420439694
1334	0.420697306
1335	0.420956438
1336	0.421214959
1337	0.42147044
1338	0.421720922
1339	0.421965369
1340	0.422203332
1341	0.422435426
1342	0.422663423
1343	0.422889563
1344	0.423116576
1345	0.423347294
1346	0.423583628
1347	0.423826604
1348	0.424076183
1349	0.424330651
1350	0.424587114
1351	0.424841926
1352	0.425090737
1353	0.425329423
1354	0.425554775
1355	0.425764436
1356	0.425957368
1357	0.426134017
1358	0.426295806
1359	0.426445177
1360	0.426585385
1361	0.426719735
1362	0.42685151
1363	0.426983724
1364	0.427118529
1365	0.427257544
1366	0.427401899
1367	0.4275519
1368	0.427707689
1369	0.427869634
1370	0.428038144
1371	0.428214158
1372	0.428399228
1373	0.428595278
1374	0.428804859
1375	0.429030797
1376	0.429275564
1377	0.429541274
1378	0.429829135
1379	0.430138806
1380	0.430468668
1381	0.430815677
1382	0.431175023
1383	0.431540777
1384	0.431906412
1385	0.432265033
1386	0.432610386
1387	0.432937316
1388	0.433241751
1389	0.433521374
1390	0.43377567
1391	0.434005464
1392	0.434213204
1393	0.434402444
1394	0.434577
1395	0.43474114
1396	0.434899092
1397	0.435054171
1398	0.435209106
1399	0.435365971
1400	0.435525776
1401	0.435689074
1402	0.435856076
1403	0.436026383
1404	0.436199523
1405	0.436375033
1406	0.436552142
1407	0.436730315
1408	0.436909114
1409	0.437087577
1410	0.437264667
1411	0.437439264
1412	0.437609665
1413	0.437774092
1414	0.437930881
1415	0.438078159
1416	0.438214624
1417	0.438339886
1418	0.438454145
1419	0.438558548
1420	0.438655147
1421	0.438746376
1422	0.438835209
1423	0.438924769
1424	0.439017606
1425	0.439116001
1426	0.439221811
1427	0.439335965
1428	0.439458867
1429	0.439590515
1430	0.439730167
1431	0.439876879
1432	0.440029924
1433	0.440188814
1434	0.440353775
1435	0.440525779
1436	0.440706323
1437	0.440897737
1438	0.441102838
1439	0.441324163
1440	0.441563942
1441	0.441823629
1442	0.442103214
1443	0.442401397
1444	0.442715469
1445	0.443041042
1446	0.443372684
1447	0.443704296
1448	0.444029435
1449	0.444342275
1450	0.444637923
1451	0.444912554
1452	0.445164041
1453	0.445391759
1454	0.44559617
1455	0.445778995
1456	0.445942606
1457	0.44608938
1458	0.446221957
1459	0.446342903
1460	0.446454207
1461	0.446557604
1462	0.446654502
1463	0.446745792
1464	0.446832403
1465	0.446915291
1466	0.446995346
1467	0.447074085
1468	0.447153569
1469	0.447236057
1470	0.447324541
1471	0.447422327
1472	0.447532256
1473	0.447656989
1474	0.447798608
1475	0.447957855
1476	0.448134421
1477	0.448326791
1478	0.448531991
1479	0.448746333
1480	0.448965616
1481	0.449185246
1482	0.449401229
1483	0.449610397
1484	0.449810299
1485	0.449999931
1486	0.450179627
1487	0.450350384
1488	0.450514046
1489	0.450672971
1490	0.450829239
1491	0.450984837
1492	0.451141563
1493	0.451300637
1494	0.451463194
1495	0.451630363
1496	0.451803009
1497	0.451982243
1498	0.452169321
1499	0.452365272
1500	0.452571341
1501	0.45278869
1502	0.45301774
1503	0.453258428
1504	0.453510059
1505	0.453770823
1506	0.454038054
1507	0.454308211
1508	0.454576771
1509	0.454838791
1510	0.455089155
1511	0.455322757
1512	0.455535298
1513	0.45572346
1514	0.45588493
1515	0.456019106
1516	0.45612701
1517	0.456210865
1518	0.456274311
1519	0.45632196
1520	0.456358745
1521	0.45638988
1522	0.456420196
1523	0.456453523
1524	0.456492812
1525	0.456539778
1526	0.456594798
1527	0.456657531
1528	0.456726931
1529	0.456801481
1530	0.456880141
1531	0.456962426
1532	0.457048328
1533	0.457138897
1534	0.457235904
1535	0.45734125
1536	0.457457105
1537	0.457585352
1538	0.45772685
1539	0.457881523
1540	0.458047994
1541	0.458223436
1542	0.458404406
1543	0.458586836
1544	0.458766168
1545	0.458938598
1546	0.459101274
1547	0.459252151
1548	0.459390736
1549	0.459517899
1550	0.459635271
1551	0.459745481
1552	0.459851706
1553	0.45995706
1554	0.460064677
1555	0.4601771
1556	0.460295789
1557	0.460421632
1558	0.460554674
1559	0.460693692
1560	0.460836954
1561	0.460982393
1562	0.461127463
1563	0.461269823
1564	0.461407382
1565	0.461538063
1566	0.461660332
1567	0.46177308
1568	0.461875205
1569	0.461965977
1570	0.462044814
1571	0.462110942
1572	0.462163889
1573	0.462203487
1574	0.462229754
1575	0.462243396
1576	0.462245842
1577	0.462239207
1578	0.462226948
1579	0.462213739
1580	0.462204886
1581	0.462206375
1582	0.462224465
1583	0.462264904
1584	0.462332641
1585	0.462431131
1586	0.462561673
1587	0.462723578
1588	0.462913914
1589	0.463127546
1590	0.463358019
1591	0.463597828
1592	0.46383883
1593	0.46407352
1594	0.464295518
1595	0.464499779
1596	0.464683253
1597	0.464844822
1598	0.464985137
1599	0.465106759
1600	0.465213425
1601	0.465309319
1602	0.465398929
1603	0.465486252
1604	0.465574262
1605	0.465665124
1606	0.46575977
1607	0.465857724
1608	0.465958025
1609	0.466059457
1610	0.466160677
1611	0.466261
1612	0.466360342
1613	0.466459085
1614	0.466558573
1615	0.466660722
1616	0.46676751
1617	0.466881207
1618	0.467003784
1619	0.467136491
1620	0.467280314
1621	0.467435614
1622	0.467601712
1623	0.467777532
1624	0.467961643
1625	0.468152188
1626	0.468347607
1627	0.468546518
1628	0.468747424
1629	0.46894925
1630	0.469151171
1631	0.469352223
1632	0.469551676
1633	0.469748665
1634	0.469941772
1635	0.470129545
1636	0.470310369
1637	0.470482233
1638	0.470643352
1639	0.470792275
1640	0.470927902
1641	0.471050198
1642	0.471160205
1643	0.4712597
1644	0.471351408
1645	0.471438648
1646	0.471524719
1647	0.471612846
1648	0.471705563
1649	0.471804067
1650	0.471908411
1651	0.472017307
1652	0.472127908
1653	0.47223638
1654	0.472338118
1655	0.472428066
1656	0.472501798
1657	0.472556031
1658	0.472588927
1659	0.472600669
1660	0.472593264
1661	0.472570224
1662	0.472536615
1663	0.472498294
1664	0.472461149
1665	0.472430908
1666	0.472412411
1667	0.472409073
1668	0.472423014
1669	0.472454694
1670	0.472502859
1671	0.472565249
1672	0.472638782
1673	0.47271998
1674	0.472805896
1675	0.472894253
1676	0.472983609
1677	0.473073925
1678	0.473166114
1679	0.473261537
1680	0.473361985
1681	0.473468907
1682	0.473582875
1683	0.473703787
1684	0.473830359
1685	0.473959827
1686	0.474088604
1687	0.474212312
1688	0.474326032
1689	0.474425335
1690	0.474506488
1691	0.474566677
1692	0.474604908
1693	0.474621886
1694	0.474619833
1695	0.474602883
1696	0.474576383
1697	0.474546219
1698	0.474518839
1699	0.474500424
1700	0.474496001
1701	0.474509421
1702	0.474542852
1703	0.474596499
1704	0.474669177
1705	0.474758347
1706	0.474860225
1707	0.474970731
1708	0.475085739
1709	0.475201161
1710	0.475313721
1711	0.475420892
1712	0.475520592
1713	0.475611604
1714	0.47569333
1715	0.475765446
1716	0.475828186
1717	0.475882032
1718	0.475927497
1719	0.475965643
1720	0.475997982
1721	0.4760263
1722	0.476053054
1723	0.476081195
1724	0.476113902
1725	0.476154743
1726	0.47620716
1727	0.47627394
1728	0.476357309
1729	0.476458498
1730	0.47657743
1731	0.476713057
1732	0.47686312
1733	0.477024084
1734	0.477191753
1735	0.477361394
1736	0.477528102
1737	0.477687566
1738	0.477836055
1739	0.477970663
1740	0.478089936
1741	0.47819362
1742	0.478282521
1743	0.478358667
1744	0.478424702
1745	0.478483456
1746	0.478537928
1747	0.47859059
1748	0.478642985
1749	0.47869597
1750	0.478749355
1751	0.478801937
1752	0.47885221
1753	0.478898283
1754	0.478938129
1755	0.478970415
1756	0.478994304
1757	0.479009405
1758	0.47901624
1759	0.479015665
1760	0.47900856
1761	0.478996145
1762	0.478979477
1763	0.478959196
1764	0.478935915
1765	0.47890984
1766	0.478880785
1767	0.478848922
1768	0.478814639
1769	0.47877849
1770	0.478741851
1771	0.478706648
1772	0.478675047
1773	0.478649805
1774	0.478633696
1775	0.478629056
1776	0.478638111
1777	0.478662484
1778	0.478702889
1779	0.478759635
1780	0.478832318
1781	0.478919684
1782	0.479020165
1783	0.479131748
1784	0.479252001
1785	0.479378767
1786	0.479510186
1787	0.479644771
1788	0.479781994
1789	0.479921994
1790	0.480065158
1791	0.48021223
1792	0.480363713
1793	0.480519286
1794	0.48067788
1795	0.480837273
1796	0.480994064
1797	0.481144333
1798	0.481283721
1799	0.481407856
1800	0.481513321
1801	0.481597858
1802	0.481660664
1803	0.481702945
1804	0.481727634
1805	0.481739078
1806	0.481742876
1807	0.481745003
1808	0.481751119
1809	0.481766273
1810	0.481794087
1811	0.481836408
1812	0.481893664
1813	0.481964672
1814	0.48204689
1815	0.482137252
1816	0.482232169
1817	0.48232786
1818	0.482421206
1819	0.482509635
1820	0.482591355
1821	0.482665866
1822	0.482733507
1823	0.482795409
1824	0.48285365
1825	0.482910344
1826	0.482967202
1827	0.483025587
1828	0.483085877
1829	0.483147354
1830	0.483208713
1831	0.483267943
1832	0.483322692
1833	0.483371175
1834	0.483412093
1835	0.483444715
1836	0.483469523
1837	0.483487748
1838	0.483501044
1839	0.483511807
1840	0.483522529
1841	0.483535481
1842	0.483552964
1843	0.483576634
1844	0.483607364
1845	0.483645824
1846	0.48369216
1847	0.483746072
1848	0.483807566
1849	0.483876839
1850	0.483954276
1851	0.4840409
1852	0.484138071
1853	0.484247248
1854	0.484370234
1855	0.484508574
1856	0.484663075
1857	0.48483397
1858	0.485020328
1859	0.485219757
1860	0.485428847
1861	0.485642946
1862	0.48585623
1863	0.486062555
1864	0.486255687
1865	0.486429845
1866	0.486580603
1867	0.486704941
1868	0.486801351
1869	0.486870146
1870	0.486912995
1871	0.4869326
1872	0.486932623
1873	0.486916991
1874	0.486889569
1875	0.486854317
1876	0.48681486
1877	0.48677432
1878	0.486735606
1879	0.486701167
1880	0.486673056
1881	0.486653302
1882	0.486643542
1883	0.486645073
1884	0.486659249
1885	0.486687044
1886	0.486728976
1887	0.486785275
1888	0.486855329
1889	0.486937662
1890	0.487030224
1891	0.48712997
1892	0.487233025
1893	0.487335238
1894	0.487431992
1895	0.4875186
1896	0.487591149
1897	0.487646486
1898	0.487682554
1899	0.487698976
1900	0.487696723
1901	0.487678168
1902	0.487647305
1903	0.487608838
1904	0.487567711
1905	0.48752908
1906	0.487497367
1907	0.487475966
1908	0.487467583
1909	0.487473746
1910	0.48749483
1911	0.487530718
1912	0.487580643
1913	0.487643431
1914	0.487718144
1915	0.487803709
1916	0.487898928
1917	0.488002916
1918	0.488114492
1919	0.488231927
1920	0.488353355
1921	0.488476261
1922	0.488597416
1923	0.488713482
1924	0.488820797
1925	0.488915559
1926	0.488994611
1927	0.489055418
1928	0.489096315
1929	0.489117085
1930	0.489118561
1931	0.489102525
1932	0.489071991
1933	0.489030633
1934	0.488982374
1935	0.488931386
1936	0.48888137
1937	0.488835228
1938	0.488795256
1939	0.488762756
1940	0.488738005
1941	0.488720749
1942	0.488710084
1943	0.488704651
1944	0.488703205
1945	0.488704451
1946	0.488707253
1947	0.488711127
1948	0.488716014
1949	0.488722331
1950	0.488731178
1951	0.488743735
1952	0.488761124
1953	0.488784507
1954	0.48881447
1955	0.488850923
1956	0.488893345
1957	0.488940455
1958	0.488990476
1959	0.48904171
1960	0.489092387
1961	0.489141012
1962	0.489186823
1963	0.489229437
1964	0.489269092
1965	0.489306978
1966	0.489344516
1967	0.489383215
1968	0.489424807
1969	0.489470486
1970	0.489520805
1971	0.48957589
1972	0.48963499
1973	0.489696809
1974	0.489760211
1975	0.489824047
1976	0.489887637
1977	0.489951366
1978	0.490016165
1979	0.490083533
1980	0.490155771
1981	0.490235091
1982	0.490323246
1983	0.490421553
1984	0.49053005
1985	0.490647393
1986	0.49077122
1987	0.490897723
1988	0.491021912
1989	0.491138461
1990	0.491241769
1991	0.491326619
1992	0.491389157
1993	0.491426803
1994	0.491438525
1995	0.491425389
1996	0.491390034
1997	0.491336407
1998	0.491269849
1999	0.491196247
2000	0.491121609
2001	0.491052063
2002	0.490993026
2003	0.49094878
2004	0.490922548
2005	0.490915927
2006	0.490928866
2007	0.490960204
2008	0.491007551
2009	0.491067736
2010	0.4911376
2011	0.491214029
2012	0.491294277
2013	0.49137646
2014	0.491459123
2015	0.491541152
2016	0.491621903
2017	0.491700619
2018	0.491776293
2019	0.491847789
2020	0.491913431
2021	0.491971137
2022	0.492018805
2023	0.492054142
2024	0.4920751
2025	0.492080436
2026	0.492069494
2027	0.492042488
2028	0.492000834
2029	0.491946676
2030	0.491882809
2031	0.491812654
2032	0.491739479
2033	0.49166626
2034	0.491595695
2035	0.491529645
2036	0.49146936
2037	0.491415777
2038	0.491369128
2039	0.491329303
2040	0.491296351
2041	0.491270127
2042	0.491250575
2043	0.491238069
2044	0.491232904
2045	0.491235384
2046	0.491246019
2047	0.491264874
2048	0.491291631
2049	0.491325829
2050	0.491366253
2051	0.491411121
2052	0.491458547
2053	0.491506116
2054	0.491551226
2055	0.491591752
2056	0.491625776
2057	0.491651967
2058	0.491670095
2059	0.491680452
2060	0.491683901
2061	0.491682098
2062	0.491676675
2063	0.491668999
2064	0.491660268
2065	0.491650808
2066	0.491640134
2067	0.491627411
2068	0.491611118
2069	0.491589364
2070	0.491560559
2071	0.491523263
2072	0.491476621
2073	0.491421101
2074	0.491358171
2075	0.491290331
2076	0.491221367
2077	0.491155713
2078	0.491098153
2079	0.491053653
2080	0.491026409
2081	0.491019577
2082	0.49103533
2083	0.491074318
2084	0.49113581
2085	0.491218148
2086	0.491318632
2087	0.491433951
2088	0.491560843
2089	0.491696075
2090	0.491836723
2091	0.491980466
2092	0.492125295
2093	0.492269608
2094	0.492412256
2095	0.492551837
2096	0.492686542
2097	0.492814247
2098	0.492932047
2099	0.49303643
2100	0.493123688
2101	0.493189778
2102	0.493230976
2103	0.493244646
2104	0.493229231
2105	0.493184831
2106	0.493113579
2107	0.493019118
2108	0.492906707
2109	0.492783122
2110	0.49265561
2111	0.492531529
2112	0.492417884
2113	0.492320261
2114	0.492242751
2115	0.492187875
2116	0.492155883
2117	0.492145112
2118	0.492152593
2119	0.492174002
2120	0.49220447
2121	0.492239352
2122	0.492274155
2123	0.49230513
2124	0.492329857
2125	0.492346877
2126	0.492355941
2127	0.49235807
2128	0.492354636
2129	0.49234731
2130	0.492338143
2131	0.492328741
2132	0.492320232
2133	0.49231357
2134	0.492309061
2135	0.492306693
2136	0.492306625
2137	0.492308854
2138	0.492313468
2139	0.49232103
2140	0.492332106
2141	0.492347393
2142	0.49236791
2143	0.492394238
2144	0.492426467
2145	0.492464506
2146	0.492507566
2147	0.492554167
2148	0.492602506
2149	0.492650153
2150	0.492694575
2151	0.492733867
2152	0.492766644
2153	0.492792388
2154	0.492811778
2155	0.492826183
2156	0.492837747
2157	0.492849431
2158	0.492864202
2159	0.492884822
2160	0.492913668
2161	0.492952142
2162	0.493000772
2163	0.493059381
2164	0.49312674
2165	0.493200946
2166	0.493279931
2167	0.493361543
2168	0.49344409
2169	0.493526758
2170	0.49360936
2171	0.493692593
2172	0.493778048
2173	0.493867447
2174	0.493962435
2175	0.494064319
2176	0.494173269
2177	0.494288362
2178	0.494407736
2179	0.494528138
2180	0.494645382
2181	0.494754864
2182	0.494851625
2183	0.494931283
2184	0.494990703
2185	0.495027815
2186	0.495042188
2187	0.495035261
2188	0.495009701
2189	0.494969437
2190	0.49491933
2191	0.494864092
2192	0.494808108
2193	0.494755273
2194	0.494708173
2195	0.494668228
2196	0.494635893
2197	0.494610325
2198	0.494589997
2199	0.494573381
2200	0.494558827
2201	0.494545232
2202	0.494532551
2203	0.494521356
2204	0.494513166
2205	0.494510528
2206	0.494516024
2207	0.494532045
2208	0.494560663
2209	0.494602738
2210	0.494657909
2211	0.494724633
2212	0.494799721
2213	0.49487879
2214	0.494956898
2215	0.495028565
2216	0.495088506
2217	0.495132375
2218	0.495156701
2219	0.495159387
2220	0.495140108
2221	0.495099761
2222	0.495040336
2223	0.494964823
2224	0.494876345
2225	0.494777976
2226	0.49467262
2227	0.494562357
2228	0.4944486
2229	0.494332406
2230	0.494214315
2231	0.494094959
2232	0.493975516
2233	0.493857549
2234	0.493743483
2235	0.493636726
2236	0.493541137
2237	0.493460911
2238	0.493400287
2239	0.493362748
2240	0.493350921
2241	0.493366396
2242	0.49340926
2243	0.493478376
2244	0.493571601
2245	0.493685686
2246	0.493816987
2247	0.493961898
2248	0.494116642
2249	0.49427785
2250	0.49444278
2251	0.494608958
2252	0.494774517
2253	0.494938163
2254	0.495098538
2255	0.495254491
2256	0.495405027
2257	0.495548783
2258	0.495684364
2259	0.495810306
2260	0.495924591
2261	0.496025104
2262	0.496109803
2263	0.496176315
2264	0.496222534
2265	0.496246983
2266	0.496248521
2267	0.496226922
2268	0.496183158
2269	0.496118816
2270	0.49603642
2271	0.495939395
2272	0.49583122
2273	0.4957155
2274	0.495595764
2275	0.495474657
2276	0.495354277
2277	0.495236412
2278	0.495122107
2279	0.495012256
2280	0.494907926
2281	0.494809983
2282	0.494719577
2283	0.49463836
2284	0.494567799
2285	0.494509233
2286	0.494463801
2287	0.494431793
2288	0.494412798
2289	0.494405809
2290	0.494408805
2291	0.494419188
2292	0.494434224
2293	0.494450839
2294	0.494466263
2295	0.494478518
2296	0.494486161
2297	0.49448863
2298	0.49448651
2299	0.494481026
2300	0.494474053
2301	0.494467971
2302	0.494465008
2303	0.494467359
2304	0.494477085
2305	0.49449556
2306	0.494523798
2307	0.494562634
2308	0.494612372
2309	0.494673219
2310	0.494745417
2311	0.494828898
2312	0.494923553
2313	0.495029179
2314	0.495145077
2315	0.495270277
2316	0.495403367
2317	0.495542006
2318	0.495683298
2319	0.495823899
2320	0.495959827
2321	0.496087036
2322	0.496201639
2323	0.496299817
2324	0.496378603
2325	0.496436217
2326	0.496471819
2327	0.496486024
2328	0.496480921
2329	0.496459547
2330	0.49642613
2331	0.496385822
2332	0.496343884
2333	0.496305663
2334	0.496276088
2335	0.496258816
2336	0.496256392
2337	0.496269953
2338	0.496298587
2339	0.496339942
2340	0.496390578
2341	0.496445794
2342	0.496500585
2343	0.496550433
2344	0.496591383
2345	0.496620802
2346	0.496637635
2347	0.496641906
2348	0.496634911
2349	0.496618847
2350	0.496595812
2351	0.496567931
2352	0.496537065
2353	0.49650392
2354	0.496468367
2355	0.496429674
2356	0.496386196
2357	0.496336044
2358	0.49627758
2359	0.496209273
2360	0.496130234
2361	0.496040466
2362	0.495940642
2363	0.49583244
2364	0.495718425
2365	0.49560132
2366	0.495483997
2367	0.495369297
2368	0.495259314
2369	0.495155532
2370	0.495058933
2371	0.494969574
2372	0.494886963
2373	0.494810431
2374	0.494739026
2375	0.494672129
2376	0.494609808
2377	0.494552672
2378	0.494502252
2379	0.494460883
2380	0.494431174
2381	0.494416124
2382	0.494418724
2383	0.494441211
2384	0.494485061
2385	0.494550655
2386	0.494636891
2387	0.494741931
2388	0.494863678
2389	0.495016445
2390	0.495167802
2391	0.495320629
2392	0.495475554
2393	0.495632424
2394	0.495790791
2395	0.495950106
2396	0.496109794
2397	0.496269328
2398	0.496428311
2399	0.49658648
