0	-0.010968878
1	-0.010814884
2	-0.010673366
3	-0.010544367
4	-0.010427325
5	-0.010321149
6	-0.010224292
7	-0.010134814
8	-0.010050429
9	-0.00996857
10	-0.009887849
11	-0.009820936
12	-0.009876733
13	-0.009953053
14	-0.01003992
15	-0.010128041
16	-0.010209244
17	-0.010276876
18	-0.010326536
19	-0.010356828
20	-0.010369583
21	-0.010369484
22	-0.010363011
23	-0.010357132
24	-0.010358168
25	-0.0103708
26	-0.010397177
27	-0.010436577
28	-0.010485542
29	-0.010538537
30	-0.010589179
31	-0.010631376
32	-0.010660309
33	-0.010672992
34	-0.01066834
35	-0.010647185
36	-0.010612184
37	-0.010567035
38	-0.010515654
39	-0.010461386
40	-0.010406607
41	-0.010352694
42	-0.010299816
43	-0.010246892
44	-0.010191819
45	-0.010131892
46	-0.010064609
47	-0.009988538
48	-0.009903789
49	-0.009812332
50	-0.00971796
51	-0.009626309
52	-0.00954452
53	-0.009480332
54	-0.00944107
55	-0.009432806
56	-0.0094595
57	-0.009522295
58	-0.009619172
59	-0.009744874
60	-0.009891218
61	-0.010047762
62	-0.010203167
63	-0.010346734
64	-0.010469829
65	-0.01056664
66	-0.010635011
67	-0.010677095
68	-0.010698888
69	-0.010708348
70	-0.010712808
71	-0.010716473
72	-0.010718326
73	-0.010710471
74	-0.010676869
75	-0.010593281
76	-0.01042809
77	-0.010144204
78	-0.009701617
79	-0.009060705
80	-0.008185425
81	-0.007045797
82	-0.005619809
83	-0.003895173
84	-0.00187059
85	0.000444229
86	0.003029473
87	0.005856833
88	0.00889102
89	0.012091791
90	0.015416289
91	0.018821306
92	0.022264903
93	0.025707986
94	0.029115525
95	0.032457289
96	0.035708435
97	0.038849738
98	0.041867651
99	0.044753851
100	0.047504323
101	0.050118674
102	0.052600033
103	0.054954412
104	0.057190257
105	0.059317819
106	0.061348873
107	0.063296966
108	0.065177205
109	0.067005436
110	0.068797179
111	0.070566259
112	0.072323852
113	0.074078124
114	0.075833724
115	0.077591889
116	0.079350764
117	0.081106276
118	0.082853373
119	0.084587194
120	0.086303827
121	0.088000895
122	0.089677766
123	0.091335688
124	0.092977668
125	0.094607666
126	0.096229757
127	0.097847129
128	0.099461415
129	0.101072332
130	0.102677615
131	0.104273086
132	0.105853156
133	0.107411595
134	0.108942545
135	0.110441602
136	0.111906422
137	0.113337183
138	0.114736931
139	0.116111672
140	0.117469985
141	0.118822328
142	0.120179538
143	0.121551421
144	0.1229454
145	0.124365646
146	0.12581282
147	0.127283926
148	0.128772643
149	0.130270539
150	0.131768497
151	0.133257995
152	0.134732144
153	0.136186125
154	0.137617707
155	0.139027372
156	0.140417967
157	0.141793941
158	0.143160332
159	0.144521639
160	0.145881085
161	0.147240023
162	0.148597526
163	0.149950511
164	0.151294258
165	0.152623486
166	0.153933417
167	0.155220667
168	0.156483804
169	0.157723572
170	0.158942848
171	0.160146671
172	0.161341903
173	0.162536372
174	0.163737816
175	0.164952812
176	0.166186019
177	0.167439702
178	0.16871328
179	0.170003112
180	0.171302884
181	0.172604392
182	0.173898824
183	0.175178054
184	0.176435535
185	0.177666963
186	0.178870688
187	0.180047924
188	0.181202652
189	0.182340955
190	0.183470017
191	0.184597036
192	0.185728378
193	0.186869031
194	0.188022151
195	0.189188727
196	0.19036782
197	0.19155735
198	0.192755017
199	0.193958985
200	0.195168247
201	0.196382737
202	0.197603441
203	0.198832382
204	0.200072206
205	0.201325568
206	0.202594208
207	0.203878177
208	0.205175602
209	0.206482591
210	0.207793149
211	0.209099403
212	0.210392179
213	0.211662258
214	0.212901763
215	0.214105123
216	0.215269892
217	0.216396992
218	0.217490675
219	0.218558259
220	0.219609341
221	0.220654665
222	0.221704703
223	0.222767981
224	0.223850191
225	0.224953663
226	0.226077049
227	0.227215484
228	0.228361069
229	0.229504214
230	0.23063529
231	0.231745746
232	0.232828906
233	0.233880579
234	0.234899354
235	0.235886766
236	0.2368467
237	0.237784478
238	0.238705953
239	0.23961653
240	0.240520518
241	0.241420799
242	0.242318478
243	0.243212706
244	0.244100881
245	0.244979295
246	0.245844201
247	0.246692611
248	0.247522605
249	0.248333636
250	0.249126953
251	0.249905815
252	0.250675361
253	0.251441885
254	0.25221174
255	0.25299034
256	0.253781218
257	0.25458536
258	0.255400869
259	0.256222889
260	0.257044066
261	0.257855702
262	0.258649034
263	0.259416543
264	0.260152818
265	0.260855073
266	0.261523578
267	0.2621617
268	0.262775382
269	0.263372255
270	0.263960437
271	0.264547472
272	0.265139567
273	0.26574078
274	0.266352506
275	0.266973252
276	0.267598938
277	0.268223874
278	0.268842012
279	0.269447856
280	0.270037125
281	0.270607162
282	0.27115724
283	0.271688898
284	0.272205596
285	0.272711922
286	0.273212819
287	0.273712715
288	0.274214929
289	0.274721313
290	0.275231669
291	0.275743635
292	0.276252987
293	0.276754281
294	0.277242058
295	0.277711723
296	0.278160151
297	0.278586215
298	0.278990885
299	0.279377159
300	0.279749627
301	0.280113338
302	0.280472852
303	0.280831462
304	0.281190682
305	0.281550122
306	0.281907218
307	0.282257269
308	0.282594186
309	0.282911458
310	0.283203218
311	0.283465201
312	0.283695248
313	0.283893739
314	0.28406385
315	0.284211415
316	0.284344287
317	0.284471237
318	0.284600589
319	0.284739122
320	0.284891411
321	0.285059243
322	0.285241291
323	0.285433086
324	0.285627509
325	0.285815928
326	0.285989431
327	0.28613986
328	0.286260743
329	0.286347957
330	0.286400325
331	0.286419902
332	0.286411498
333	0.286381906
334	0.286338752
335	0.286289296
336	0.286239686
337	0.286194277
338	0.286155092
339	0.286121738
340	0.286091721
341	0.286061334
342	0.2860267
343	0.285984281
344	0.285931289
345	0.285865985
346	0.28578792
347	0.285698072
348	0.285598501
349	0.285491612
350	0.285379421
351	0.285262962
352	0.285141983
353	0.285014856
354	0.284878322
355	0.284727517
356	0.284556527
357	0.284359256
358	0.284130374
359	0.283866121
360	0.283564633
361	0.283226219
362	0.282853494
363	0.282451138
364	0.282025419
365	0.281583132
366	0.281130347
367	0.280671542
368	0.28020897
369	0.279742279
370	0.279268437
371	0.278781877
372	0.278275415
373	0.277741448
374	0.277173053
375	0.276565025
376	0.275914458
377	0.275221106
378	0.274487579
379	0.273719093
380	0.272922809
381	0.27210675
382	0.271278441
383	0.270443938
384	0.269607278
385	0.268770136
386	0.267931653
387	0.267088495
388	0.266235516
389	0.265366927
390	0.26447742
391	0.263562885
392	0.262620843
393	0.261650667
394	0.260653728
395	0.259633394
396	0.258594519
397	0.257542526
398	0.256482439
399	0.25541798
400	0.254351095
401	0.253281714
402	0.252207399
403	0.251123529
404	0.25002407
405	0.248902574
406	0.247753404
407	0.246572547
408	0.245358104
409	0.244110661
410	0.242833318
411	0.241531472
412	0.240212225
413	0.238883181
414	0.237551309
415	0.23622201
416	0.234898551
417	0.233581798
418	0.232269977
419	0.230958865
420	0.229642684
421	0.228315196
422	0.226970823
423	0.225605539
424	0.224217273
425	0.222806284
426	0.221375355
427	0.219929609
428	0.218475923
429	0.217021982
430	0.215575043
431	0.214141165
432	0.212724748
433	0.211328177
434	0.209951763
435	0.208593839
436	0.207251561
437	0.205922139
438	0.204603917
439	0.203297098
440	0.202004222
441	0.200730255
442	0.199482811
443	0.198271845
444	0.197108849
445	0.196005842
446	0.194974061
447	0.194023036
448	0.193160023
449	0.192389441
450	0.191712537
451	0.191127618
452	0.190630674
453	0.19021666
454	0.189880525
455	0.189618035
456	0.189426323
457	0.189304192
458	0.189252158
459	0.189272236
460	0.189367263
461	0.189539801
462	0.189791103
463	0.190120372
464	0.19052453
465	0.190998014
466	0.191532751
467	0.192118398
468	0.192743423
469	0.193396238
470	0.194066321
471	0.194745078
472	0.195426371
473	0.196106974
474	0.196786664
475	0.197467909
476	0.198155165
477	0.198853687
478	0.199568104
479	0.200301581
480	0.201055085
481	0.201827111
482	0.202613455
483	0.20340732
484	0.204200348
485	0.204983883
486	0.20574997
487	0.206492239
488	0.207206386
489	0.207890565
490	0.20854574
491	0.20917525
492	0.209784206
493	0.210378502
494	0.210963617
495	0.211543733
496	0.212121318
497	0.212696806
498	0.213268565
499	0.213833098
500	0.214385819
501	0.214922266
502	0.215438967
503	0.215933905
504	0.216406699
505	0.216858748
506	0.21729313
507	0.217714315
508	0.218127337
509	0.21853697
510	0.218946827
511	0.219358706
512	0.219772345
513	0.220185333
514	0.22059309
515	0.220989331
516	0.221367024
517	0.221719567
518	0.222042028
519	0.222331721
520	0.22258868
521	0.222815898
522	0.223019255
523	0.223207042
524	0.223389014
525	0.223575045
526	0.22377394
527	0.22399248
528	0.224234751
529	0.224501846
530	0.224791634
531	0.225099196
532	0.225417912
533	0.225740836
534	0.226061927
535	0.226377003
536	0.226684201
537	0.226984367
538	0.227281113
539	0.227580198
540	0.227888582
541	0.228213214
542	0.228559764
543	0.228931841
544	0.229330494
545	0.229753802
546	0.230196976
547	0.230652634
548	0.231111782
549	0.231565227
550	0.232004683
551	0.232423674
552	0.232818214
553	0.233187163
554	0.233532511
555	0.233858997
556	0.234173163
557	0.234482362
558	0.234793509
559	0.235112288
560	0.235442598
561	0.235785986
562	0.236141493
563	0.236505906
564	0.236874431
565	0.237241799
566	0.237603102
567	0.237954441
568	0.23829355
569	0.238620131
570	0.238936079
571	0.239245276
572	0.239552766
573	0.239863723
574	0.240182496
575	0.240511946
576	0.240853117
577	0.241204954
578	0.241564127
579	0.241925392
580	0.242282473
581	0.242628997
582	0.242959395
583	0.243269491
584	0.243556896
585	0.243821491
586	0.244065606
587	0.24429371
588	0.244511829
589	0.244726433
590	0.244943413
591	0.245167376
592	0.245401029
593	0.24564493
594	0.245897373
595	0.246154683
596	0.246412219
597	0.246665429
598	0.246910652
599	0.247145738
600	0.247370281
601	0.24758593
602	0.247796406
603	0.248006959
604	0.24822361
605	0.24845212
606	0.248696983
607	0.248960784
608	0.249243846
609	0.249543985
610	0.249856673
611	0.250175488
612	0.250493196
613	0.250803023
614	0.251099637
615	0.251379705
616	0.251642241
617	0.251888659
618	0.252122661
619	0.252349742
620	0.252576107
621	0.252807641
622	0.2530489
623	0.253302479
624	0.253568811
625	0.253846058
626	0.254130147
627	0.254415517
628	0.254696057
629	0.254966355
630	0.255222724
631	0.255463588
632	0.2556898
633	0.255904694
634	0.256113817
635	0.256324291
636	0.25654371
637	0.256778814
638	0.257034557
639	0.257313317
640	0.257614652
641	0.257935206
642	0.258268798
643	0.258607108
644	0.25894083
645	0.259261027
646	0.259560344
647	0.259833877
648	0.260079724
649	0.260299552
650	0.260498545
651	0.260684793
652	0.260868087
653	0.261058414
654	0.261264419
655	0.261492379
656	0.261745425
657	0.262023114
658	0.262321508
659	0.26263363
660	0.262950694
661	0.263263505
662	0.26356362
663	0.263844217
664	0.264100726
665	0.264331177
666	0.264536547
667	0.26472028
668	0.264887424
669	0.265043512
670	0.265193402
671	0.265340653
672	0.265487054
673	0.265632284
674	0.265774015
675	0.265908498
676	0.266031503
677	0.266139507
678	0.266230325
679	0.266303543
680	0.26636064
681	0.266405016
682	0.266441908
683	0.266477875
684	0.266519844
685	0.266574016
686	0.266644923
687	0.266734769
688	0.266843096
689	0.266966498
690	0.267098721
691	0.267231376
692	0.267355268
693	0.267461769
694	0.26754404
695	0.267597714
696	0.267621292
697	0.267616457
698	0.267587841
699	0.267542273
700	0.26748766
701	0.267431547
702	0.267379989
703	0.267336823
704	0.267303031
705	0.267276494
706	0.267252013
707	0.267222004
708	0.26717788
709	0.267111451
710	0.267016122
711	0.266887799
712	0.266725341
713	0.266530971
714	0.266310195
715	0.266071112
716	0.265823304
717	0.265576436
718	0.265339108
719	0.265118283
720	0.264918766
721	0.26474286
722	0.264590405
723	0.264459311
724	0.264346632
725	0.264249593
726	0.264166307
727	0.26409621
728	0.264040381
729	0.264001544
730	0.263984126
731	0.263993717
732	0.26403606
733	0.264115905
734	0.264236032
735	0.264396749
736	0.264595797
737	0.264828119
738	0.265086062
739	0.265360352
740	0.265641164
741	0.265919508
742	0.266188162
743	0.266442331
744	0.266680204
745	0.266903235
746	0.267115927
747	0.267325365
748	0.267540055
749	0.267768601
750	0.268018601
751	0.268295723
752	0.268603235
753	0.268941497
754	0.269307936
755	0.26969773
756	0.270105138
757	0.270524722
758	0.270952303
759	0.271385342
760	0.271823267
761	0.272267621
762	0.272721825
763	0.273190553
764	0.273678651
765	0.274189945
766	0.274726205
767	0.27528679
768	0.275868316
769	0.276464734
770	0.277067546
771	0.27766665
772	0.278251657
773	0.278813244
774	0.279344039
775	0.279839251
776	0.28029686
777	0.280717621
778	0.28110503
779	0.281464556
780	0.28180281
781	0.282126504
782	0.282441678
783	0.282753165
784	0.283064205
785	0.283375959
786	0.283687631
787	0.283996926
788	0.28430094
789	0.284597185
790	0.284884212
791	0.28516217
792	0.285433083
793	0.285701083
794	0.285972113
795	0.286253294
796	0.286551767
797	0.286873748
798	0.287223557
799	0.287603071
800	0.288011411
801	0.288444778
802	0.288896585
803	0.289358364
804	0.289821196
805	0.29027707
806	0.290720051
807	0.291146575
808	0.291555948
809	0.291950492
810	0.292335167
811	0.292716644
812	0.293102138
813	0.293497997
814	0.293908884
815	0.294337143
816	0.294782484
817	0.295242164
818	0.295711172
819	0.29618312
820	0.296651233
821	0.297109455
822	0.297553295
823	0.29798042
824	0.298390859
825	0.298787304
826	0.29917477
827	0.299559929
828	0.299950145
829	0.300352389
830	0.300772636
831	0.301215121
832	0.301681692
833	0.302171272
834	0.302679957
835	0.303201621
836	0.303729038
837	0.304254812
838	0.30477222
839	0.305275848
840	0.305762132
841	0.306229717
842	0.306679449
843	0.307113865
844	0.307536107
845	0.307949012
846	0.308354287
847	0.308752313
848	0.30914211
849	0.309521265
850	0.309886188
851	0.310232991
852	0.310558358
853	0.310860454
854	0.311139376
855	0.311397285
856	0.311638691
857	0.311870281
858	0.312100455
859	0.31233842
860	0.312593011
861	0.312871523
862	0.313178974
863	0.31351749
864	0.313886069
865	0.314280486
866	0.314693711
867	0.315117018
868	0.315541276
869	0.31595817
870	0.316360985
871	0.316745117
872	0.317108305
873	0.317450778
874	0.317774977
875	0.318085018
876	0.318385746
877	0.318681759
878	0.318976688
879	0.319272842
880	0.319570933
881	0.319869977
882	0.320167551
883	0.320460494
884	0.320745984
885	0.321022229
886	0.321289007
887	0.321547904
888	0.32180236
889	0.322057642
890	0.32232047
891	0.322598064
892	0.32289719
893	0.323223102
894	0.323578814
895	0.323964783
896	0.324378583
897	0.324814854
898	0.325265684
899	0.325721559
900	0.326172729
901	0.326610623
902	0.327028801
903	0.327423631
904	0.327794683
905	0.328144883
906	0.328480004
907	0.328807667
908	0.329135973
909	0.329472178
910	0.329821791
911	0.330187978
912	0.330571267
913	0.330969477
914	0.33137812
915	0.331791337
916	0.332203046
917	0.332607782
918	0.333001505
919	0.333381966
920	0.333749032
921	0.334104751
922	0.33445293
923	0.334798574
924	0.335146861
925	0.335501964
926	0.335866328
927	0.336240246
928	0.336621553
929	0.337005831
930	0.337386732
931	0.337757151
932	0.338110463
933	0.338441558
934	0.338747642
935	0.339028638
936	0.339287549
937	0.339530571
938	0.339766539
939	0.340005776
940	0.340258826
941	0.340535006
942	0.340841523
943	0.341182608
944	0.341558839
945	0.34196684
946	0.342399545
947	0.342847233
948	0.343299144
949	0.343744893
950	0.344175442
951	0.344584047
952	0.344966889
953	0.345323532
954	0.345656817
955	0.345972228
956	0.346276912
957	0.346578644
958	0.346884696
959	0.347201125
960	0.34753217
961	0.347879606
962	0.348242805
963	0.348619392
964	0.349006116
965	0.349399676
966	0.3497972
967	0.35019667
968	0.350597493
969	0.351000604
970	0.351408301
971	0.351823738
972	0.352250109
973	0.352689926
974	0.353144599
975	0.353614238
976	0.354097392
977	0.354590712
978	0.355088998
979	0.355585929
980	0.356075036
981	0.356550703
982	0.357008789
983	0.357447001
984	0.357865399
985	0.358266593
986	0.358655263
987	0.359037296
988	0.359418657
989	0.359804401
990	0.360198248
991	0.360602044
992	0.361015474
993	0.361436277
994	0.36186051
995	0.362283441
996	0.362700776
997	0.363109372
998	0.363507749
999	0.363896482
1000	0.364278244
1001	0.364658072
1002	0.365042841
1003	0.36544019
1004	0.365857467
1005	0.366300496
1006	0.36677287
1007	0.367275706
1008	0.367807452
1009	0.368363926
1010	0.368938743
1011	0.369524124
1012	0.370112234
1013	0.370695956
1014	0.371269594
1015	0.371829495
1016	0.372374373
1017	0.372905502
1018	0.373426332
1019	0.373941545
1020	0.374456033
1021	0.374973912
1022	0.375497662
1023	0.376027767
1024	0.376562302
1025	0.377097098
1026	0.377626478
1027	0.378144478
1028	0.378645981
1029	0.379127665
1030	0.379588547
1031	0.38003002
1032	0.380455904
1033	0.380872237
1034	0.381286653
1035	0.381707282
1036	0.38214148
1037	0.382594721
1038	0.383070173
1039	0.383568376
1040	0.384087176
1041	0.384621945
1042	0.385166151
1043	0.385712436
1044	0.386253741
1045	0.386784372
1046	0.387300704
1047	0.387801549
1048	0.388288331
1049	0.388765165
1050	0.389238239
1051	0.389715039
1052	0.390203114
1053	0.390708824
1054	0.391236629
1055	0.391788493
1056	0.392363377
1057	0.392957232
1058	0.393563558
1059	0.394174514
1060	0.39478235
1061	0.395380254
1062	0.395963215
1063	0.396528765
1064	0.397077279
1065	0.397611821
1066	0.398137685
1067	0.398661328
1068	0.399189166
1069	0.399726473
1070	0.400276554
1071	0.400840518
1072	0.401416866
1073	0.402001403
1074	0.402587908
1075	0.403169248
1076	0.403738502
1077	0.404289949
1078	0.404819612
1079	0.405325813
1080	0.40580931
1081	0.406273128
1082	0.406722223
1083	0.407162544
1084	0.407600027
1085	0.408039674
1086	0.408484979
1087	0.40893767
1088	0.409397665
1089	0.409863024
1090	0.41033056
1091	0.4107966
1092	0.411257854
1093	0.411712159
1094	0.412158825
1095	0.412598896
1096	0.413035385
1097	0.413473272
1098	0.413918897
1099	0.414379081
1100	0.414860042
1101	0.41536644
1102	0.415900666
1103	0.416462444
1104	0.417048551
1105	0.417653005
1106	0.418267756
1107	0.418883892
1108	0.419493032
1109	0.420088203
1110	0.420664546
1111	0.42121975
1112	0.421754368
1113	0.422271774
1114	0.422777527
1115	0.423278314
1116	0.423780776
1117	0.424290172
1118	0.424809772
1119	0.425340537
1120	0.425880763
1121	0.426426365
1122	0.426971632
1123	0.427510359
1124	0.428037145
1125	0.428548246
1126	0.429042021
1127	0.429519312
1128	0.429983259
1129	0.430439037
1130	0.430893225
1131	0.431352745
1132	0.431823717
1133	0.432310762
1134	0.432816585
1135	0.433341703
1136	0.433884275
1137	0.434440198
1138	0.435003871
1139	0.435569081
1140	0.43612998
1141	0.436681876
1142	0.437221791
1143	0.437748778
1144	0.438264212
1145	0.438771636
1146	0.439276291
1147	0.439784043
1148	0.440300023
1149	0.440827698
1150	0.441368161
1151	0.441919848
1152	0.44247851
1153	0.443037435
1154	0.443588276
1155	0.444122429
1156	0.444632128
1157	0.445111623
1158	0.445557941
1159	0.445971269
1160	0.446355184
1161	0.44671631
1162	0.447063571
1163	0.44740717
1164	0.447757134
1165	0.448121985
1166	0.448507993
1167	0.448918502
1168	0.449353559
1169	0.449809978
1170	0.450282195
1171	0.450763514
1172	0.45124734
1173	0.451728011
1174	0.452201479
1175	0.452665928
1176	0.453122072
1177	0.453573078
1178	0.454023976
1179	0.454480512
1180	0.454947797
1181	0.455429287
1182	0.455926134
1183	0.45643692
1184	0.456957434
1185	0.457480949
1186	0.457999177
1187	0.458503378
1188	0.458985526
1189	0.459439293
1190	0.459860722
1191	0.460248831
1192	0.460605838
1193	0.460936948
1194	0.461249878
1195	0.461553854
1196	0.461858434
1197	0.462172434
1198	0.462502919
1199	0.462854395
1200	0.463228271
1201	0.463622832
1202	0.464034036
1203	0.464456638
1204	0.464885268
1205	0.465315232
1206	0.465743124
1207	0.4661673
1208	0.4665883
1209	0.467008773
1210	0.46743289
1211	0.467865374
1212	0.46831038
1213	0.468770715
1214	0.469247558
1215	0.469740138
1216	0.470245495
1217	0.470758793
1218	0.471274059
1219	0.471785427
1220	0.472288061
1221	0.4727787
1222	0.473256107
1223	0.473721227
1224	0.474177046
1225	0.474628351
1226	0.475080988
1227	0.475540913
1228	0.476013109
1229	0.476500583
1230	0.477004085
1231	0.477521787
1232	0.478049092
1233	0.478578988
1234	0.479103086
1235	0.479612923
1236	0.480101256
1237	0.480562772
1238	0.480994841
1239	0.481398227
1240	0.481777284
1241	0.482139594
1242	0.482495019
1243	0.482854354
1244	0.483227789
1245	0.483623661
1246	0.484047432
1247	0.484501229
1248	0.484983587
1249	0.485489557
1250	0.486011652
1251	0.486541298
1252	0.487070134
1253	0.487590971
1254	0.488098248
1255	0.488588445
1256	0.489060501
1257	0.489515682
1258	0.489957225
1259	0.490389549
1260	0.490817299
1261	0.491244676
1262	0.491674782
1263	0.492109141
1264	0.492547547
1265	0.492987921
1266	0.493426865
1267	0.493860468
1268	0.494284916
1269	0.49469732
1270	0.495096136
1271	0.495481457
1272	0.495855391
1273	0.49622185
1274	0.496585926
1275	0.496953062
1276	0.497327889
1277	0.497713597
1278	0.498111533
1279	0.498520795
1280	0.498938126
1281	0.499358335
1282	0.499775298
1283	0.500183196
1284	0.500577559
1285	0.500956006
1286	0.501318683
1287	0.501668364
1288	0.502010241
1289	0.502351346
1290	0.502699721
1291	0.503063167
1292	0.503448058
1293	0.503858478
1294	0.50429577
1295	0.504758357
1296	0.505241794
1297	0.505739377
1298	0.506243337
1299	0.506746075
1300	0.507241252
1301	0.507724477
1302	0.50819364
1303	0.508649209
1304	0.509094024
1305	0.50953278
1306	0.509971214
1307	0.510414957
1308	0.510868552
1309	0.511334795
1310	0.511814226
1311	0.512304922
1312	0.512802387
1313	0.513299849
1314	0.513789339
1315	0.514262897
1316	0.514713685
1317	0.515136947
1318	0.515530602
1319	0.515895665
1320	0.516236417
1321	0.516559892
1322	0.516874964
1323	0.517191158
1324	0.517517258
1325	0.517860396
1326	0.518225347
1327	0.518613824
1328	0.519024245
1329	0.519452024
1330	0.519890473
1331	0.520332135
1332	0.52076981
1333	0.521197432
1334	0.521610901
1335	0.522008529
1336	0.522391393
1337	0.522763106
1338	0.52312895
1339	0.523494858
1340	0.523866263
1341	0.524247276
1342	0.524640267
1343	0.525045338
1344	0.52546013
1345	0.525880243
1346	0.526300028
1347	0.526713803
1348	0.527116728
1349	0.527505363
1350	0.527878118
1351	0.528235518
1352	0.528580175
1353	0.52891642
1354	0.529249411
1355	0.529584079
1356	0.529924165
1357	0.530271552
1358	0.530625949
1359	0.530984687
1360	0.531342706
1361	0.531692977
1362	0.532027657
1363	0.532339286
1364	0.532621863
1365	0.532871661
1366	0.533087695
1367	0.533272133
1368	0.5334304
1369	0.533570613
1370	0.533702678
1371	0.533837035
1372	0.533983318
1373	0.534149648
1374	0.534341932
1375	0.534563356
1376	0.534814142
1377	0.53509175
1378	0.535391827
1379	0.535709278
1380	0.536039073
1381	0.536376977
1382	0.536720034
1383	0.537066942
1384	0.53741826
1385	0.537775926
1386	0.538142616
1387	0.538520834
1388	0.538912005
1389	0.539316083
1390	0.53973143
1391	0.540154678
1392	0.540580855
1393	0.541003868
1394	0.541417447
1395	0.54181633
1396	0.542196977
1397	0.542557986
1398	0.542900446
1399	0.543228188
1400	0.543547574
1401	0.543866867
1402	0.544195062
1403	0.544540636
1404	0.544910413
1405	0.545308643
1406	0.545736528
1407	0.546191978
1408	0.546669574
1409	0.547161125
1410	0.547656783
1411	0.548146312
1412	0.548620315
1413	0.54907087
1414	0.5494922
1415	0.549881308
1416	0.550238219
1417	0.55056576
1418	0.55086877
1419	0.551153006
1420	0.551424179
1421	0.551687196
1422	0.551945574
1423	0.552201167
1424	0.552454046
1425	0.552703008
1426	0.552946438
1427	0.553183195
1428	0.553413206
1429	0.553637772
1430	0.553859633
1431	0.554083001
1432	0.554313405
1433	0.554557048
1434	0.554820008
1435	0.555107232
1436	0.555421707
1437	0.555764011
1438	0.556132075
1439	0.556520932
1440	0.556923014
1441	0.557328877
1442	0.55772848
1443	0.55811263
1444	0.558473882
1445	0.558807238
1446	0.559110567
1447	0.55938473
1448	0.559633505
1449	0.559862939
1450	0.560080268
1451	0.560292902
1452	0.560507219
1453	0.560727885
1454	0.560957481
1455	0.561196093
1456	0.56144144
1457	0.561689453
1458	0.561935265
1459	0.562174464
1460	0.562403949
1461	0.562622413
1462	0.562830801
1463	0.563032326
1464	0.563232232
1465	0.563437083
1466	0.563653669
1467	0.563887869
1468	0.564143735
1469	0.564422939
1470	0.564724513
1471	0.565044754
1472	0.565377443
1473	0.565714773
1474	0.566048615
1475	0.566371773
1476	0.566678931
1477	0.566967244
1478	0.567236584
1479	0.567489677
1480	0.567731764
1481	0.567969877
1482	0.568211793
1483	0.56846465
1484	0.568733949
1485	0.569022993
1486	0.569332443
1487	0.569660109
1488	0.570001037
1489	0.570348186
1490	0.570693751
1491	0.57103032
1492	0.571351879
1493	0.571654586
1494	0.571937236
1495	0.572201596
1496	0.572452318
1497	0.572696252
1498	0.572941399
1499	0.573195517
1500	0.573464919
1501	0.573753752
1502	0.574063405
1503	0.574392105
1504	0.574734948
1505	0.57508465
1506	0.57543278
1507	0.575771101
1508	0.576092588
1509	0.576392228
1510	0.576667642
1511	0.57691933
1512	0.577150511
1513	0.577366604
1514	0.577574151
1515	0.5777796
1516	0.577988314
1517	0.578203898
1518	0.578427974
1519	0.57865993
1520	0.578896941
1521	0.579134774
1522	0.579368854
1523	0.579595252
1524	0.579811452
1525	0.580016604
1526	0.580211849
1527	0.580400414
1528	0.580587278
1529	0.580778593
1530	0.58098061
1531	0.581198459
1532	0.581435289
1533	0.58169171
1534	0.581965595
1535	0.582252035
1536	0.582543564
1537	0.582831239
1538	0.583106004
1539	0.583360027
1540	0.583587752
1541	0.583786541
1542	0.583957042
1543	0.58410333
1544	0.584232519
1545	0.584353903
1546	0.584477719
1547	0.584613714
1548	0.584769986
1549	0.584952234
1550	0.585163179
1551	0.585402193
1552	0.58566548
1553	0.585946779
1554	0.586238574
1555	0.586533323
1556	0.586824424
1557	0.587106999
1558	0.587378433
1559	0.587638617
1560	0.587889948
1561	0.588136654
1562	0.58838372
1563	0.588635774
1564	0.5888961
1565	0.589166215
1566	0.589445531
1567	0.58973108
1568	0.590017808
1569	0.590299436
1570	0.590569569
1571	0.59082282
1572	0.591055494
1573	0.591266115
1574	0.591455821
1575	0.591628411
1576	0.591790094
1577	0.591948755
1578	0.592112779
1579	0.592289731
1580	0.592485402
1581	0.592703189
1582	0.592943756
1583	0.59320476
1584	0.593481059
1585	0.593765621
1586	0.594050733
1587	0.594329004
1588	0.594594226
1589	0.594841996
1590	0.595070216
1591	0.595279477
1592	0.595472875
1593	0.595655477
1594	0.595833284
1595	0.596011936
1596	0.596195759
1597	0.596387107
1598	0.596585841
1599	0.596789228
1600	0.59699219
1601	0.597188371
1602	0.597371626
1603	0.597537163
1604	0.597682468
1605	0.597807757
1606	0.597916128
1607	0.598013542
1608	0.598108243
1609	0.59820967
1610	0.598327199
1611	0.598468748
1612	0.59863983
1613	0.598843016
1614	0.599077589
1615	0.599339479
1616	0.599621644
1617	0.599915142
1618	0.60021046
1619	0.600498728
1620	0.600772547
1621	0.601026578
1622	0.601258067
1623	0.601467118
1624	0.601656577
1625	0.601831493
1626	0.601998037
1627	0.60216238
1628	0.602329813
1629	0.60250403
1630	0.602686685
1631	0.602876854
1632	0.603071006
1633	0.603263835
1634	0.603449261
1635	0.603621545
1636	0.603776217
1637	0.603910657
1638	0.604024681
1639	0.604120737
1640	0.604203547
1641	0.604279504
1642	0.604355502
1643	0.604437791
1644	0.604531184
1645	0.604638474
1646	0.604760129
1647	0.604894211
1648	0.605036749
1649	0.605182813
1650	0.605327679
1651	0.605467709
1652	0.605601001
1653	0.605727636
1654	0.605849876
1655	0.605972164
1656	0.606100608
1657	0.606242059
1658	0.606402949
1659	0.606588076
1660	0.606799823
1661	0.6070378
1662	0.607298512
1663	0.607575387
1664	0.607859226
1665	0.608139247
1666	0.608404501
1667	0.608645146
1668	0.608853288
1669	0.609023769
1670	0.609154672
1671	0.609247582
1672	0.609307442
1673	0.609341759
1674	0.609359518
1675	0.609369919
1676	0.609381338
1677	0.609400647
1678	0.609432615
1679	0.609479463
1680	0.60954107
1681	0.609615705
1682	0.609701092
1683	0.609795262
1684	0.60989704
1685	0.61000647
1686	0.610125036
1687	0.610255622
1688	0.610402109
1689	0.61056864
1690	0.6107586
1691	0.610973748
1692	0.611213703
1693	0.61147575
1694	0.611754831
1695	0.612043704
1696	0.612333475
1697	0.612614815
1698	0.612879197
1699	0.613119806
1700	0.613332238
1701	0.613514701
1702	0.613668204
1703	0.613796612
1704	0.613906024
1705	0.614003866
1706	0.614097787
1707	0.614194399
1708	0.614298665
1709	0.614413416
1710	0.614538996
1711	0.614673322
1712	0.614812183
1713	0.614950241
1714	0.615082323
1715	0.61520437
1716	0.615314094
1717	0.61541132
1718	0.615498104
1719	0.615578786
1720	0.615659376
1721	0.615746633
1722	0.615846928
1723	0.615964996
1724	0.616103205
1725	0.616261059
1726	0.616434922
1727	0.616618138
1728	0.616801682
1729	0.616975381
1730	0.61712953
1731	0.617256127
1732	0.617349718
1733	0.617407975
1734	0.617432009
1735	0.617426318
1736	0.617398242
1737	0.617356906
1738	0.617311817
1739	0.617271826
1740	0.617244243
1741	0.617234317
1742	0.617244795
1743	0.617275677
1744	0.617324507
1745	0.617387305
1746	0.617459557
1747	0.6175372
1748	0.617617263
1749	0.617698101
1750	0.61777972
1751	0.617863752
1752	0.617953193
1753	0.618051534
1754	0.618161683
1755	0.618285156
1756	0.618421765
1757	0.618569375
1758	0.618723931
1759	0.618879618
1760	0.619029471
1761	0.61916649
1762	0.619284544
1763	0.61937929
1764	0.619448687
1765	0.619493316
1766	0.619516474
1767	0.619524242
1768	0.61952482
1769	0.619527563
1770	0.619541629
1771	0.619574705
1772	0.619632323
1773	0.619717372
1774	0.619829686
1775	0.619966002
1776	0.62012072
1777	0.620286971
1778	0.620458133
1779	0.620628576
1780	0.620794242
1781	0.620953018
1782	0.621104899
1783	0.621251872
1784	0.621397456
1785	0.621545703
1786	0.621700159
1787	0.621862968
1788	0.622034214
1789	0.622211921
1790	0.622391869
1791	0.622568026
1792	0.622733323
1793	0.622880905
1794	0.623005355
1795	0.623103635
1796	0.62317543
1797	0.623223353
1798	0.623252751
1799	0.623271231
1800	0.623287963
1801	0.623312381
1802	0.623353078
1803	0.623416729
1804	0.623507494
1805	0.623626538
1806	0.623771886
1807	0.62393839
1808	0.62411857
1809	0.624303821
1810	0.624485739
1811	0.624657243
1812	0.624813275
1813	0.624951271
1814	0.625071436
1815	0.625176802
1816	0.625272429
1817	0.625364517
1818	0.625459
1819	0.625560568
1820	0.625672009
1821	0.625793753
1822	0.62592357
1823	0.626056795
1824	0.626187092
1825	0.62630783
1826	0.626413411
1827	0.626500108
1828	0.626566828
1829	0.626615271
1830	0.62665004
1831	0.626678132
1832	0.626708025
1833	0.626748424
1834	0.626807019
1835	0.62688932
1836	0.626998149
1837	0.627133293
1838	0.627291233
1839	0.6274654
1840	0.627646902
1841	0.627825926
1842	0.627993051
1843	0.628140352
1844	0.628262038
1845	0.628355038
1846	0.628419249
1847	0.628457535
1848	0.62847521
1849	0.628479051
1850	0.628476157
1851	0.628472955
1852	0.628474497
1853	0.628483822
1854	0.62850154
1855	0.628525621
1856	0.628552067
1857	0.628575871
1858	0.628592153
1859	0.62859711
1860	0.628588641
1861	0.628566849
1862	0.628534369
1863	0.628496181
1864	0.628458952
1865	0.628430003
1866	0.628416052
1867	0.628422421
1868	0.628452409
1869	0.628506896
1870	0.628584082
1871	0.628679572
1872	0.628787182
1873	0.628900215
1874	0.629012589
1875	0.629119791
1876	0.62921947
1877	0.629311692
1878	0.629398995
1879	0.629486112
1880	0.629579197
1881	0.629684679
1882	0.629807876
1883	0.629951925
1884	0.630117379
1885	0.630301953
1886	0.63050029
1887	0.630704266
1888	0.630903947
1889	0.631088994
1890	0.631250121
1891	0.631380098
1892	0.631474649
1893	0.631533073
1894	0.631558401
1895	0.631557157
1896	0.631538475
1897	0.631512779
1898	0.631490392
1899	0.631480202
1900	0.631488804
1901	0.631519886
1902	0.631573634
1903	0.631646764
1904	0.631733188
1905	0.631825133
1906	0.631914462
1907	0.631993613
1908	0.632056307
1909	0.632098323
1910	0.632118008
1911	0.632116457
1912	0.632097165
1913	0.632065112
1914	0.632025768
1915	0.631984207
1916	0.631944355
1917	0.631908415
1918	0.631876502
1919	0.631846483
1920	0.631814545
1921	0.631776188
1922	0.631727273
1923	0.631664988
1924	0.631588525
1925	0.631499381
1926	0.631401636
1927	0.631301521
1928	0.631206489
1929	0.631124197
1930	0.631061171
1931	0.631022012
1932	0.631008963
1933	0.631021558
1934	0.63105652
1935	0.631108066
1936	0.631168678
1937	0.631230517
1938	0.631286441
1939	0.63133081
1940	0.63136011
1941	0.631373252
1942	0.63137194
1943	0.631360611
1944	0.631345721
1945	0.631334673
1946	0.631334586
1947	0.631351331
1948	0.631389229
1949	0.631450519
1950	0.631534989
1951	0.63164006
1952	0.631761332
1953	0.631893389
1954	0.632030751
1955	0.63216862
1956	0.632303452
1957	0.632433582
1958	0.632559535
1959	0.632684037
1960	0.632811387
1961	0.63294625
1962	0.63309245
1963	0.633252221
1964	0.633425458
1965	0.633609377
1966	0.633798426
1967	0.633984744
1968	0.634159388
1969	0.634313645
1970	0.634440295
1971	0.634534467
1972	0.634593915
1973	0.634619194
1974	0.634613681
1975	0.634583044
1976	0.634534604
1977	0.634476056
1978	0.63441431
1979	0.634354823
1980	0.634301223
1981	0.634255132
1982	0.634216142
1983	0.63418193
1984	0.634149155
1985	0.634114469
1986	0.634075157
1987	0.634029866
1988	0.633979008
1989	0.633925032
1990	0.633872428
1991	0.633827456
1992	0.633797311
1993	0.633789029
1994	0.6338081
1995	0.633857687
1996	0.633938319
1997	0.634047498
1998	0.634179454
1999	0.634325621
2000	0.634475903
2001	0.634620131
2002	0.634749458
2003	0.634857215
2004	0.634939723
2005	0.634996627
2006	0.635031023
2007	0.635049072
2008	0.635059097
2009	0.635070185
2010	0.635090701
2011	0.635127128
2012	0.635183537
2013	0.63526125
2014	0.635358525
2015	0.635470865
2016	0.635591718
2017	0.635713726
2018	0.635829807
2019	0.635933853
2020	0.636021301
2021	0.636089881
2022	0.636139908
2023	0.636174086
2024	0.63619696
2025	0.636214009
2026	0.636230648
2027	0.636251373
2028	0.636279152
2029	0.636315043
2030	0.636358232
2031	0.636406041
2032	0.636454707
2033	0.636500411
2034	0.636540062
2035	0.636571841
2036	0.636595638
2037	0.636613227
2038	0.636628403
2039	0.636646578
2040	0.636673956
2041	0.636716554
2042	0.636778937
2043	0.636863601
2044	0.636970596
2045	0.637097544
2046	0.637239819
2047	0.637390965
2048	0.63754369
2049	0.637691129
2050	0.637827523
2051	0.637948894
2052	0.638053319
2053	0.638140972
2054	0.63821447
2055	0.63827846
2056	0.638338797
2057	0.638401519
2058	0.638471642
2059	0.638552281
2060	0.638644124
2061	0.638744855
2062	0.638849139
2063	0.638949192
2064	0.639035908
2065	0.639100295
2066	0.639134797
2067	0.639134246
2068	0.639096278
2069	0.639021784
2070	0.638915107
2071	0.638783592
2072	0.63863669
2073	0.63848463
2074	0.638337072
2075	0.638202162
2076	0.638085709
2077	0.637990664
2078	0.637917037
2079	0.637862199
2080	0.637821767
2081	0.637790732
2082	0.637764538
2083	0.637739926
2084	0.63771537
2085	0.637691464
2086	0.637670799
2087	0.637657544
2088	0.637656787
2089	0.637673379
2090	0.637710865
2091	0.637770873
2092	0.637852739
2093	0.637953238
2094	0.638066564
2095	0.638184716
2096	0.638298828
2097	0.638400399
2098	0.638482283
2099	0.638539359
2100	0.638569098
2101	0.638571866
2102	0.638551148
2103	0.638513191
2104	0.63846604
2105	0.63841826
2106	0.638377564
2107	0.638350086
2108	0.638339814
2109	0.638348182
2110	0.638373853
2111	0.638413258
2112	0.63846137
2113	0.63851307
2114	0.638564165
2115	0.638611978
2116	0.638655719
2117	0.63869657
2118	0.638737768
2119	0.638784239
2120	0.638841605
2121	0.638914974
2122	0.639008007
2123	0.6391219
2124	0.639255138
2125	0.639403097
2126	0.639558151
2127	0.639710322
2128	0.639848392
2129	0.639961385
2130	0.640039937
2131	0.640077222
2132	0.640069728
2133	0.640017953
2134	0.639926448
2135	0.63980352
2136	0.63966015
2137	0.639508671
2138	0.639361194
2139	0.639228498
2140	0.639119109
2141	0.639038523
2142	0.638988689
2143	0.638968151
2144	0.638973024
2145	0.638998153
2146	0.639038151
2147	0.639088059
2148	0.639144048
2149	0.639203831
2150	0.639266992
2151	0.639334715
2152	0.639409237
2153	0.639492849
2154	0.639586959
2155	0.639691575
2156	0.639804879
2157	0.639923051
2158	0.640040384
2159	0.64014974
2160	0.640243546
2161	0.640315009
2162	0.640358865
2163	0.640372105
2164	0.640354185
2165	0.640307279
2166	0.640236418
2167	0.640148948
2168	0.640053545
2169	0.639959243
2170	0.639874423
2171	0.639806049
2172	0.639759024
2173	0.63973556
2174	0.639735114
2175	0.639754721
2176	0.639789832
2177	0.639835353
2178	0.639886636
2179	0.639940061
2180	0.639993599
2181	0.640047289
2182	0.640103368
2183	0.640165895
2184	0.640239833
2185	0.640329908
2186	0.640439645
2187	0.640570682
2188	0.640722251
2189	0.640891018
2190	0.641071066
2191	0.641254695
2192	0.641433471
2193	0.641599272
2194	0.641745277
2195	0.641866591
2196	0.641960653
2197	0.642027554
2198	0.642070043
2199	0.642093155
2200	0.642103486
2201	0.642107821
2202	0.642112184
2203	0.642121174
2204	0.642137407
2205	0.642161052
2206	0.64218977
2207	0.642219305
2208	0.642244523
2209	0.642260308
2210	0.642262245
2211	0.642247241
2212	0.642213875
2213	0.642162776
2214	0.642096666
2215	0.642020142
2216	0.64193892
2217	0.641858866
2218	0.641785134
2219	0.641721582
2220	0.641670284
2221	0.641630949
2222	0.641600897
2223	0.641575689
2224	0.6415503
2225	0.641520217
2226	0.641482266
2227	0.641435076
2228	0.641379523
2229	0.64131873
2230	0.641257932
2231	0.641203895
2232	0.64116387
2233	0.641144506
2234	0.641150816
2235	0.64118567
2236	0.641249582
2237	0.641340427
2238	0.64145338
2239	0.641581764
2240	0.641718031
2241	0.641854998
2242	0.641986633
2243	0.642108472
2244	0.642218037
2245	0.642315045
2246	0.642401246
2247	0.642480061
2248	0.64255583
2249	0.64263263
2250	0.642713475
2251	0.642799618
2252	0.642890286
2253	0.642982418
2254	0.643070797
2255	0.643148701
2256	0.643209157
2257	0.64324601
2258	0.643254815
2259	0.64323347
2260	0.643182496
2261	0.643105331
2262	0.643008016
2263	0.64289844
2264	0.642785155
2265	0.642676153
2266	0.642577853
2267	0.642494661
2268	0.642428414
2269	0.642378262
2270	0.642340934
2271	0.642311503
2272	0.642284703
2273	0.642256019
2274	0.642222445
2275	0.642182816
2276	0.642137882
2277	0.642090358
2278	0.642044883
2279	0.642007273
2280	0.641983539
2281	0.641978703
2282	0.641995987
2283	0.6420364
2284	0.642098363
2285	0.64217756
2286	0.642267219
2287	0.642359005
2288	0.642444164
2289	0.642514673
2290	0.642564221
2291	0.642588948
2292	0.642587873
2293	0.642563038
2294	0.642519186
2295	0.642463095
2296	0.642402384
2297	0.642344118
2298	0.642293813
2299	0.642254708
2300	0.642227232
2301	0.642208739
2302	0.642193791
2303	0.642175336
2304	0.642146094
2305	0.642099744
2306	0.642031978
2307	0.641941079
2308	0.641828303
2309	0.641698031
2310	0.641557349
2311	0.641415332
2312	0.641281805
2313	0.641165876
2314	0.641074991
2315	0.641014196
2316	0.64098558
2317	0.640987991
2318	0.641017115
2319	0.641066347
2320	0.641128087
2321	0.641194825
2322	0.641260119
2323	0.641319282
2324	0.641369929
2325	0.641412334
2326	0.641449277
2327	0.64148544
2328	0.641526447
2329	0.641577754
2330	0.641643669
2331	0.641726782
2332	0.641827489
2333	0.64194366
2334	0.642070806
2335	0.642202887
2336	0.642333374
2337	0.642456288
2338	0.642566769
2339	0.642661536
2340	0.642739297
2341	0.642800789
2342	0.642848589
2343	0.642886455
2344	0.642918408
2345	0.642947805
2346	0.642976625
2347	0.643005056
2348	0.643031379
2349	0.643051828
2350	0.643061072
2351	0.643053189
2352	0.643022784
2353	0.642966069
2354	0.642881517
2355	0.642770262
2356	0.642636333
2357	0.642486647
2358	0.642330511
2359	0.642178763
2360	0.642042422
2361	0.641931363
2362	0.641853326
2363	0.641813244
2364	0.641812639
2365	0.641849381
2366	0.641917934
2367	0.64201026
2368	0.642117241
2369	0.642229861
2370	0.642340252
2371	0.642442406
2372	0.642532607
2373	0.642609765
2374	0.642675369
2375	0.642732813
2376	0.642786537
2377	0.642840775
2378	0.642898712
2379	0.642962032
2380	0.643030387
2381	0.643101241
2382	0.643170061
2383	0.643231055
2384	0.643278363
2385	0.643306987
2386	0.643313082
2387	0.643293379
2388	0.64324435
2389	0.64309221
2390	0.642939001
2391	0.642782024
2392	0.642619012
2393	0.642449213
2394	0.64227276
2395	0.642090255
2396	0.641902543
2397	0.641710537
2398	0.64151505
2399	0.641316742
