0	-0.029144724
1	-0.029186024
2	-0.029226783
3	-0.029267105
4	-0.029307121
5	-0.029346957
6	-0.029386732
7	-0.029426533
8	-0.029466372
9	-0.029506173
10	-0.029545556
11	-0.029582998
12	-0.029616829
13	-0.029649849
14	-0.029683275
15	-0.029718252
16	-0.029756261
17	-0.029799112
18	-0.029848411
19	-0.029905751
20	-0.029972977
21	-0.030051424
22	-0.030142247
23	-0.030246553
24	-0.030364681
25	-0.030496308
26	-0.030640541
27	-0.030795334
28	-0.030957672
29	-0.031124047
30	-0.03128986
31	-0.031450095
32	-0.031599942
33	-0.031734724
34	-0.031850445
35	-0.031944639
36	-0.03201579
37	-0.032063609
38	-0.032089274
39	-0.032094686
40	-0.032082538
41	-0.032056357
42	-0.032019517
43	-0.031975046
44	-0.031925972
45	-0.031874604
46	-0.031822786
47	-0.031772054
48	-0.031723215
49	-0.031676487
50	-0.031632094
51	-0.031589732
52	-0.031548818
53	-0.031508982
54	-0.03146975
55	-0.031430691
56	-0.031391943
57	-0.031353797
58	-0.031316665
59	-0.031281668
60	-0.031249949
61	-0.031222726
62	-0.03120154
63	-0.031187703
64	-0.03118229
65	-0.031186563
66	-0.031200744
67	-0.031223395
68	-0.031250975
69	-0.031276673
70	-0.031289983
71	-0.03127677
72	-0.031218841
73	-0.031094473
74	-0.030879665
75	-0.030548744
76	-0.03007589
77	-0.02943706
78	-0.028611274
79	-0.027581821
80	-0.026338116
81	-0.02487633
82	-0.023200163
83	-0.021321487
84	-0.019259496
85	-0.017039553
86	-0.014692427
87	-0.012252075
88	-0.009753646
89	-0.00723226
90	-0.004720649
91	-0.002247535
92	0.000163155
93	0.002493469
94	0.004732048
95	0.006873418
96	0.008917936
97	0.010870637
98	0.012739364
99	0.014533661
100	0.016263634
101	0.017938065
102	0.019563801
103	0.021145552
104	0.022685443
105	0.024183819
106	0.025639833
107	0.02705148
108	0.028416357
109	0.029732601
110	0.030998713
111	0.032214413
112	0.033381074
113	0.034501398
114	0.035579495
115	0.036621084
116	0.037632629
117	0.038621179
118	0.03959422
119	0.040558673
120	0.041520854
121	0.042486453
122	0.043459817
123	0.044443939
124	0.045440849
125	0.046450825
126	0.047472748
127	0.048504481
128	0.049542706
129	0.050583326
130	0.051622189
131	0.052654963
132	0.0536779
133	0.054688549
134	0.055685364
135	0.056667873
136	0.057636869
137	0.058593859
138	0.05954084
139	0.060480403
140	0.061414696
141	0.062345407
142	0.063273928
143	0.06420082
144	0.06512564
145	0.066047442
146	0.06696424
147	0.067873319
148	0.068771908
149	0.069656906
150	0.070525188
151	0.071374267
152	0.072202068
153	0.073007185
154	0.073789635
155	0.074550204
156	0.075290597
157	0.076013725
158	0.076723014
159	0.07742193
160	0.078114164
161	0.078802635
162	0.079489232
163	0.080175129
164	0.080860421
165	0.081544329
166	0.082225923
167	0.082904018
168	0.083577399
169	0.084245724
170	0.084909099
171	0.085567983
172	0.086223532
173	0.086877161
174	0.087530092
175	0.088183929
176	0.088839998
177	0.089499043
178	0.090161693
179	0.09082809
180	0.091497801
181	0.092170537
182	0.09284573
183	0.093522249
184	0.094199139
185	0.094875185
186	0.095548904
187	0.096219009
188	0.096884198
189	0.097543051
190	0.098194942
191	0.098839633
192	0.099477059
193	0.100107674
194	0.100732066
195	0.101350484
196	0.101963187
197	0.102570083
198	0.10317043
199	0.10376355
200	0.104348612
201	0.104924644
202	0.105491152
203	0.106048004
204	0.106594955
205	0.107132373
206	0.107660878
207	0.108181039
208	0.10869377
209	0.109200004
210	0.109700249
211	0.110195153
212	0.110685306
213	0.111170921
214	0.111652501
215	0.1121305
216	0.112605084
217	0.113076531
218	0.11354501
219	0.114009965
220	0.114470767
221	0.114926528
222	0.115375981
223	0.115818165
224	0.116252519
225	0.116678517
226	0.11709632
227	0.117506725
228	0.117910663
229	0.118309696
230	0.118705658
231	0.119100236
232	0.119495527
233	0.119894076
234	0.12029817
235	0.120710394
236	0.121133247
237	0.121568527
238	0.122017533
239	0.122480845
240	0.12295761
241	0.123446012
242	0.123943338
243	0.124445698
244	0.124948922
245	0.125448952
246	0.125941826
247	0.126424458
248	0.126895117
249	0.127352884
250	0.127798291
251	0.128233136
252	0.128659712
253	0.129080901
254	0.129500102
255	0.129920388
256	0.13034479
257	0.130776143
258	0.131216363
259	0.13166684
260	0.132128507
261	0.132601412
262	0.133084931
263	0.133577994
264	0.134078555
265	0.134584344
266	0.135093236
267	0.135603088
268	0.136112243
269	0.136620213
270	0.137127232
271	0.137634566
272	0.138144484
273	0.138659296
274	0.139181271
275	0.139712322
276	0.140253097
277	0.140803002
278	0.141360475
279	0.141922417
280	0.142484976
281	0.143043985
282	0.143594853
283	0.144133076
284	0.144654814
285	0.1451566
286	0.145635905
287	0.146091528
288	0.146523229
289	0.146932027
290	0.147320322
291	0.147691323
292	0.148049007
293	0.148398301
294	0.148744121
295	0.149091331
296	0.149444652
297	0.149807996
298	0.150184407
299	0.150576405
300	0.150985221
301	0.151411075
302	0.151853775
303	0.152312431
304	0.152785883
305	0.15327321
306	0.153773332
307	0.154285246
308	0.154808457
309	0.15534205
310	0.15588473
311	0.156435001
312	0.156990636
313	0.157548721
314	0.158106315
315	0.158659998
316	0.159206272
317	0.159742289
318	0.16026562
319	0.160774489
320	0.161268276
321	0.161747085
322	0.162211789
323	0.162664589
324	0.163108242
325	0.163545966
326	0.163981651
327	0.164419228
328	0.164862222
329	0.165314117
330	0.165777489
331	0.166253732
332	0.166743346
333	0.167245472
334	0.167757899
335	0.168277867
336	0.168801915
337	0.169325996
338	0.169846445
339	0.170359798
340	0.170863098
341	0.17135456
342	0.171833172
343	0.172298326
344	0.172750428
345	0.173190135
346	0.173618048
347	0.174034958
348	0.174441299
349	0.174836961
350	0.175221811
351	0.175595294
352	0.175956264
353	0.176303586
354	0.176635836
355	0.176951471
356	0.177249361
357	0.177528633
358	0.177788445
359	0.1780289
360	0.178250897
361	0.178456032
362	0.178647
363	0.178827238
364	0.179000374
365	0.179170603
366	0.179342122
367	0.179518503
368	0.17970313
369	0.17989852
370	0.180106034
371	0.180326455
372	0.180559817
373	0.180805065
374	0.181060948
375	0.181325635
376	0.18159664
377	0.181871445
378	0.182147335
379	0.182421132
380	0.182689891
381	0.182950798
382	0.183201069
383	0.183438816
384	0.183662854
385	0.18387252
386	0.184068177
387	0.184251205
388	0.18442333
389	0.184587038
390	0.184744928
391	0.184899175
392	0.185052011
393	0.185205597
394	0.185361316
395	0.185520304
396	0.185683399
397	0.185850698
398	0.186022273
399	0.186197987
400	0.186377104
401	0.186558792
402	0.186742202
403	0.186925918
404	0.187108743
405	0.187289429
406	0.187466253
407	0.187637571
408	0.187801991
409	0.187957876
410	0.188103854
411	0.188238784
412	0.18836124
413	0.188470059
414	0.188564251
415	0.18864266
416	0.188704406
417	0.188749186
418	0.188776798
419	0.188787904
420	0.188784025
421	0.18876702
422	0.188739117
423	0.188702836
424	0.188660237
425	0.188613174
426	0.18856322
427	0.188510968
428	0.188456493
429	0.188399495
430	0.188338944
431	0.188273378
432	0.188201193
433	0.188120042
434	0.188027593
435	0.187921795
436	0.18780064
437	0.187662577
438	0.187506799
439	0.18733274
440	0.187140627
441	0.186931639
442	0.186707312
443	0.18646991
444	0.186222454
445	0.185968242
446	0.185710849
447	0.185454057
448	0.185200882
449	0.184953814
450	0.18471481
451	0.184484847
452	0.184264104
453	0.184052451
454	0.183849027
455	0.183652706
456	0.183462508
457	0.183277086
458	0.183095085
459	0.182915405
460	0.182736697
461	0.182557655
462	0.182377611
463	0.182195807
464	0.182011745
465	0.181825335
466	0.181636418
467	0.181444887
468	0.181251042
469	0.1810548
470	0.180855931
471	0.1806544
472	0.180449883
473	0.180242008
474	0.180030787
475	0.17981628
476	0.179598788
477	0.179379582
478	0.179160341
479	0.178943343
480	0.178731589
481	0.178528137
482	0.178335842
483	0.178157755
484	0.177996122
485	0.177852185
486	0.177726532
487	0.177618675
488	0.177527317
489	0.177450957
490	0.177387639
491	0.177335179
492	0.17729204
493	0.177256843
494	0.177228636
495	0.177207306
496	0.1771932
497	0.177186907
498	0.177189813
499	0.177203528
500	0.177229876
501	0.177271206
502	0.177329776
503	0.177407565
504	0.177506637
505	0.177628633
506	0.177774476
507	0.177944931
508	0.178140101
509	0.178359569
510	0.178602898
511	0.17886936
512	0.179157663
513	0.179466609
514	0.179794554
515	0.180139371
516	0.180498914
517	0.180870545
518	0.181250971
519	0.181636934
520	0.182025114
521	0.182412133
522	0.182795392
523	0.1831727
524	0.183542468
525	0.183904369
526	0.184259093
527	0.18460785
528	0.184952833
529	0.185296421
530	0.185640773
531	0.185988091
532	0.186340052
533	0.18669739
534	0.187060386
535	0.187428489
536	0.187799961
537	0.188172575
538	0.188543191
539	0.188907742
540	0.189261966
541	0.189601609
542	0.18992242
543	0.190221339
544	0.190496468
545	0.190747102
546	0.190974366
547	0.191180992
548	0.191370694
549	0.191548425
550	0.191719797
551	0.191890308
552	0.192065744
553	0.192251578
554	0.192452309
555	0.192671641
556	0.192912257
557	0.193175148
558	0.193460316
559	0.193766452
560	0.194090653
561	0.194429114
562	0.194777335
563	0.195129903
564	0.195481421
565	0.195826712
566	0.196160717
567	0.196479493
568	0.19678027
569	0.197061254
570	0.197322028
571	0.197563423
572	0.197786732
573	0.197994176
574	0.198188444
575	0.19837211
576	0.198547804
577	0.198718212
578	0.198885566
579	0.199052023
580	0.199219498
581	0.199389022
582	0.199561147
583	0.199735813
584	0.199911854
585	0.200087384
586	0.200260173
587	0.200427134
588	0.200585197
589	0.200731517
590	0.200863329
591	0.200978568
592	0.201076097
593	0.201155128
594	0.201215834
595	0.201259378
596	0.201287286
597	0.201301909
598	0.201306364
599	0.201304136
600	0.201299322
601	0.201296616
602	0.201300448
603	0.201315328
604	0.201345551
605	0.20139451
606	0.201464661
607	0.201557592
608	0.201673255
609	0.201810313
610	0.201966474
611	0.202138104
612	0.20232078
613	0.20250971
614	0.202699519
615	0.202884911
616	0.203061391
617	0.203224652
618	0.203371218
619	0.203498737
620	0.203605563
621	0.203691039
622	0.203755906
623	0.203801562
624	0.203830394
625	0.203845871
626	0.203851773
627	0.203852254
628	0.203851709
629	0.203853857
630	0.203861544
631	0.203876916
632	0.203900557
633	0.203931748
634	0.203968802
635	0.204008897
636	0.204048417
637	0.204083837
638	0.204111461
639	0.204127994
640	0.204131229
641	0.204119733
642	0.204093183
643	0.204052824
644	0.204000774
645	0.2039398
646	0.203873624
647	0.203805968
648	0.203740494
649	0.203680728
650	0.203629358
651	0.20358807
652	0.203558032
653	0.203539246
654	0.203530817
655	0.203531421
656	0.203538998
657	0.203551028
658	0.203565247
659	0.203579571
660	0.203592267
661	0.203602625
662	0.20361048
663	0.203616373
664	0.203621748
665	0.203628342
666	0.20363773
667	0.203651754
668	0.203671734
669	0.20369836
670	0.203732089
671	0.203772754
672	0.203819559
673	0.203871695
674	0.203928027
675	0.203987168
676	0.204048176
677	0.204109986
678	0.204171558
679	0.204232348
680	0.204291938
681	0.204349635
682	0.204404992
683	0.204457169
684	0.204504905
685	0.20454696
686	0.204581785
687	0.204607446
688	0.204622298
689	0.204624717
690	0.204613039
691	0.204586311
692	0.204543826
693	0.204485081
694	0.204410322
695	0.204320437
696	0.204216631
697	0.204101146
698	0.203976733
699	0.203846439
700	0.203713954
701	0.203583142
702	0.20345746
703	0.203340394
704	0.203235011
705	0.203143483
706	0.203067737
707	0.203009041
708	0.202967903
709	0.202944804
710	0.202940345
711	0.202955015
712	0.202990076
713	0.203047135
714	0.203127925
715	0.20323473
716	0.203370097
717	0.203536188
718	0.203735096
719	0.203968369
720	0.204236413
721	0.204538966
722	0.204874743
723	0.205241017
724	0.2056339
725	0.206048358
726	0.206477877
727	0.206915581
728	0.207354384
729	0.207787075
730	0.208207168
731	0.208609336
732	0.208989191
733	0.2093441
734	0.209673163
735	0.209976762
736	0.210257109
737	0.210517863
738	0.210763487
739	0.210999306
740	0.211231096
741	0.211464066
742	0.211703278
743	0.211953142
744	0.21221687
745	0.212496715
746	0.212794043
747	0.213109004
748	0.213441258
749	0.21378995
750	0.214153321
751	0.214529387
752	0.21491607
753	0.215311021
754	0.21571212
755	0.216117666
756	0.216525703
757	0.216934596
758	0.217343004
759	0.217749573
760	0.218153331
761	0.218553845
762	0.218950568
763	0.219343518
764	0.219733447
765	0.220121262
766	0.220508406
767	0.220896726
768	0.221287766
769	0.221682941
770	0.222083575
771	0.222490086
772	0.222902514
773	0.223320509
774	0.223742999
775	0.224168665
776	0.224596431
777	0.225024854
778	0.225452642
779	0.22587887
780	0.226302492
781	0.226722609
782	0.22713858
783	0.227549547
784	0.227954889
785	0.228354732
786	0.228749205
787	0.229138826
788	0.229524543
789	0.229907189
790	0.230287515
791	0.230666566
792	0.23104495
793	0.23142322
794	0.231802126
795	0.232182244
796	0.232564397
797	0.232949988
798	0.233340326
799	0.233736535
800	0.234139853
801	0.234550827
802	0.234969495
803	0.235395422
804	0.235827269
805	0.236262823
806	0.236699635
807	0.237134479
808	0.237563917
809	0.237984942
810	0.238394804
811	0.238791479
812	0.239174382
813	0.239544069
814	0.23990237
815	0.240252767
816	0.240599535
817	0.240947801
818	0.241303371
819	0.241671859
820	0.24205817
821	0.242466707
822	0.242900449
823	0.243360844
824	0.243847852
825	0.244359402
826	0.24489144
827	0.245438648
828	0.245994412
829	0.246551326
830	0.247102362
831	0.247640807
832	0.24816087
833	0.248658464
834	0.249130949
835	0.249576835
836	0.249996315
837	0.250390371
838	0.250760695
839	0.251109919
840	0.251440978
841	0.251756919
842	0.252061397
843	0.252358071
844	0.252650463
845	0.25294249
846	0.253237839
847	0.253539911
848	0.253852157
849	0.254177794
850	0.254519445
851	0.254879671
852	0.255260214
853	0.255661824
854	0.256084679
855	0.256528092
856	0.256990133
857	0.25746831
858	0.257959338
859	0.258459005
860	0.258962988
861	0.259466626
862	0.259965064
863	0.260454113
864	0.260930351
865	0.26139092
866	0.261834539
867	0.26226103
868	0.262671104
869	0.263066692
870	0.263450552
871	0.263825625
872	0.26419533
873	0.264562829
874	0.264930568
875	0.265300778
876	0.265675016
877	0.266053947
878	0.266437775
879	0.266826325
880	0.267218813
881	0.267614733
882	0.268013655
883	0.268415159
884	0.268819198
885	0.269225993
886	0.269635432
887	0.270047628
888	0.270462739
889	0.270880544
890	0.271300993
891	0.271723946
892	0.272148816
893	0.272575022
894	0.273001935
895	0.273428323
896	0.273853282
897	0.274275996
898	0.274695546
899	0.275111334
900	0.275523114
901	0.275930572
902	0.27633403
903	0.27673419
904	0.277131664
905	0.277527503
906	0.277922968
907	0.278319158
908	0.278717401
909	0.279119189
910	0.279525406
911	0.279936894
912	0.280354136
913	0.280777026
914	0.281205264
915	0.28163843
916	0.282075415
917	0.282515087
918	0.282956268
919	0.283397319
920	0.28383668
921	0.284273006
922	0.284704895
923	0.285131349
924	0.285552004
925	0.285966412
926	0.286374685
927	0.286777454
928	0.287175469
929	0.287569923
930	0.287962674
931	0.288355359
932	0.288749848
933	0.28914814
934	0.289551715
935	0.289961831
936	0.290379435
937	0.290804497
938	0.291236381
939	0.291674166
940	0.292116077
941	0.292560145
942	0.293004319
943	0.293446283
944	0.293883794
945	0.294315259
946	0.294739185
947	0.295154707
948	0.29556179
949	0.295960801
950	0.296352708
951	0.296739149
952	0.29712155
953	0.297501054
954	0.29787874
955	0.298254781
956	0.298628797
957	0.298999906
958	0.299366369
959	0.299725921
960	0.300076589
961	0.300416268
962	0.30074343
963	0.3010575
964	0.301358657
965	0.30164827
966	0.301929309
967	0.302205788
968	0.302482782
969	0.302766516
970	0.303063347
971	0.303379652
972	0.303721494
973	0.304093846
974	0.304500161
975	0.304942639
976	0.305421372
977	0.305934624
978	0.306479165
979	0.307050002
980	0.307640691
981	0.308244282
982	0.308853267
983	0.309460134
984	0.310058236
985	0.310641359
986	0.311204315
987	0.3117435
988	0.312256468
989	0.312741707
990	0.313199139
991	0.313629272
992	0.314033434
993	0.314413937
994	0.314773477
995	0.315114928
996	0.315441729
997	0.315757278
998	0.316064879
999	0.316368277
1000	0.316670978
1001	0.316976253
1002	0.317287514
1003	0.317607958
1004	0.317940162
1005	0.318286707
1006	0.318649342
1007	0.319029052
1008	0.319426446
1009	0.319841302
1010	0.320272308
1011	0.320717804
1012	0.321175394
1013	0.321641994
1014	0.322114623
1015	0.322590106
1016	0.323065295
1017	0.323537678
1018	0.32400525
1019	0.324466249
1020	0.32491992
1021	0.325365808
1022	0.325803477
1023	0.326232797
1024	0.326653701
1025	0.327065749
1026	0.32746865
1027	0.327861702
1028	0.328243596
1029	0.328613265
1030	0.328969681
1031	0.329311905
1032	0.329639786
1033	0.329953907
1034	0.330255311
1035	0.330546346
1036	0.330830025
1037	0.331109672
1038	0.331388967
1039	0.331671513
1040	0.331960298
1041	0.332258149
1042	0.332567135
1043	0.332888245
1044	0.333221981
1045	0.333568076
1046	0.333925229
1047	0.33429155
1048	0.334664593
1049	0.335041052
1050	0.335417706
1051	0.335791148
1052	0.336157802
1053	0.336514503
1054	0.336858616
1055	0.337187704
1056	0.337500492
1057	0.337796691
1058	0.338076693
1059	0.338342129
1060	0.338595567
1061	0.338840143
1062	0.339079932
1063	0.339319654
1064	0.339563879
1065	0.33981755
1066	0.340085376
1067	0.340371428
1068	0.340679327
1069	0.341012076
1070	0.341371205
1071	0.341757276
1072	0.342169697
1073	0.342606335
1074	0.343064051
1075	0.343538681
1076	0.344024814
1077	0.344516637
1078	0.345008348
1079	0.345493713
1080	0.345967088
1081	0.346423597
1082	0.346859148
1083	0.347270983
1084	0.347657929
1085	0.348019678
1086	0.348357335
1087	0.348673155
1088	0.348969868
1089	0.349250834
1090	0.349519797
1091	0.349780078
1092	0.350034828
1093	0.350287215
1094	0.350539716
1095	0.350794767
1096	0.351054771
1097	0.351321764
1098	0.351597614
1099	0.351884228
1100	0.352182734
1101	0.352494005
1102	0.352818575
1103	0.353156116
1104	0.353505818
1105	0.353866668
1106	0.35423704
1107	0.354615152
1108	0.354999481
1109	0.355388283
1110	0.355780212
1111	0.356174462
1112	0.356570466
1113	0.356968084
1114	0.357368083
1115	0.357771459
1116	0.358179829
1117	0.358595295
1118	0.35901973
1119	0.359454859
1120	0.359902395
1121	0.360363228
1122	0.36083747
1123	0.361324588
1124	0.361822699
1125	0.362329059
1126	0.362840267
1127	0.363352006
1128	0.363859354
1129	0.364357532
1130	0.364841518
1131	0.365306673
1132	0.365749041
1133	0.366165152
1134	0.366552401
1135	0.366909581
1136	0.367236384
1137	0.367533619
1138	0.367803569
1139	0.368049253
1140	0.368274484
1141	0.368483884
1142	0.368682078
1143	0.3688733
1144	0.369061735
1145	0.369250687
1146	0.369442922
1147	0.369641107
1148	0.369847501
1149	0.370064156
1150	0.370293529
1151	0.370537808
1152	0.370799061
1153	0.371079487
1154	0.371380403
1155	0.371702142
1156	0.37204423
1157	0.372404985
1158	0.372781527
1159	0.373170524
1160	0.373567828
1161	0.373969045
1162	0.374370248
1163	0.374768018
1164	0.375159462
1165	0.375542814
1166	0.375916922
1167	0.376281176
1168	0.376636007
1169	0.376982163
1170	0.377320462
1171	0.377652303
1172	0.377979241
1173	0.378302583
1174	0.378623941
1175	0.378944349
1176	0.379264155
1177	0.379583391
1178	0.379901392
1179	0.380216648
1180	0.380527576
1181	0.380832251
1182	0.38112881
1183	0.381416391
1184	0.381694957
1185	0.38196532
1186	0.382229553
1187	0.382490527
1188	0.382751294
1189	0.38301539
1190	0.383285952
1191	0.383565281
1192	0.383854962
1193	0.384155658
1194	0.384466914
1195	0.384788102
1196	0.385118204
1197	0.385455789
1198	0.385799716
1199	0.386148914
1200	0.386502276
1201	0.38685918
1202	0.387219074
1203	0.387580981
1204	0.387944295
1205	0.388308367
1206	0.388672352
1207	0.389035585
1208	0.389397405
1209	0.389756799
1210	0.390113059
1211	0.390465214
1212	0.390811719
1213	0.391150991
1214	0.391481201
1215	0.391800193
1216	0.392106271
1217	0.392398243
1218	0.39267524
1219	0.392937728
1220	0.393187313
1221	0.39342642
1222	0.393658398
1223	0.393887075
1224	0.394115899
1225	0.394348374
1226	0.394587492
1227	0.394835204
1228	0.395092897
1229	0.395361298
1230	0.395640219
1231	0.395929312
1232	0.396228115
1233	0.396535455
1234	0.39685013
1235	0.397170582
1236	0.397494485
1237	0.397819234
1238	0.398142124
1239	0.398459782
1240	0.398769026
1241	0.399066989
1242	0.399351113
1243	0.399619993
1244	0.399873386
1245	0.400111675
1246	0.400336424
1247	0.400550277
1248	0.400756085
1249	0.40095724
1250	0.401157296
1251	0.401359426
1252	0.401566611
1253	0.40178171
1254	0.402006745
1255	0.402243374
1256	0.402492757
1257	0.402755177
1258	0.403030438
1259	0.403317947
1260	0.403616055
1261	0.40392254
1262	0.40423502
1263	0.404550579
1264	0.404866444
1265	0.405180157
1266	0.405489378
1267	0.40579244
1268	0.406088856
1269	0.406378664
1270	0.406662949
1271	0.406943773
1272	0.407223539
1273	0.407505031
1274	0.407791404
1275	0.40808539
1276	0.408389394
1277	0.408705325
1278	0.409033806
1279	0.409374715
1280	0.409727357
1281	0.410089964
1282	0.410459872
1283	0.410833996
1284	0.411208315
1285	0.411578488
1286	0.411940067
1287	0.412288328
1288	0.412618809
1289	0.412927935
1290	0.413212751
1291	0.41347155
1292	0.413704259
1293	0.413911732
1294	0.414096009
1295	0.414260542
1296	0.4144096
1297	0.414548013
1298	0.414681318
1299	0.414814862
1300	0.414954044
1301	0.415104287
1302	0.415270164
1303	0.415455294
1304	0.415662786
1305	0.415894533
1306	0.416151454
1307	0.416433919
1308	0.416741176
1309	0.417071711
1310	0.417423651
1311	0.417794397
1312	0.418180916
1313	0.418580418
1314	0.418989669
1315	0.419405287
1316	0.41982412
1317	0.420242969
1318	0.420658543
1319	0.421067933
1320	0.421468082
1321	0.421856063
1322	0.422229655
1323	0.422586871
1324	0.422926061
1325	0.423246404
1326	0.423547415
1327	0.423828704
1328	0.42409054
1329	0.424333091
1330	0.424556384
1331	0.424760567
1332	0.424945677
1333	0.425111715
1334	0.42525942
1335	0.425389785
1336	0.425504289
1337	0.425605574
1338	0.425696981
1339	0.425782288
1340	0.425865819
1341	0.425951769
1342	0.42604378
1343	0.426145465
1344	0.426259749
1345	0.426388881
1346	0.426534863
1347	0.426699281
1348	0.426883097
1349	0.427087204
1350	0.427311725
1351	0.427555922
1352	0.427818716
1353	0.428098315
1354	0.428392228
1355	0.428698006
1356	0.429013118
1357	0.429334838
1358	0.429661022
1359	0.429989633
1360	0.43031868
1361	0.430646423
1362	0.430971061
1363	0.431290379
1364	0.431602456
1365	0.431905179
1366	0.432196183
1367	0.432473551
1368	0.432735757
1369	0.432981695
1370	0.433211495
1371	0.433426414
1372	0.433628413
1373	0.433820732
1374	0.434007161
1375	0.434191567
1376	0.434377947
1377	0.434569906
1378	0.434769966
1379	0.434980265
1380	0.435202152
1381	0.435435921
1382	0.435681235
1383	0.435936851
1384	0.436200357
1385	0.436468849
1386	0.436738851
1387	0.437006016
1388	0.437266225
1389	0.437515785
1390	0.43775161
1391	0.437971988
1392	0.438176756
1393	0.438366647
1394	0.438543827
1395	0.438711289
1396	0.438872165
1397	0.439029836
1398	0.439187433
1399	0.439347106
1400	0.439510562
1401	0.439679012
1402	0.439852726
1403	0.440031867
1404	0.440216375
1405	0.440405776
1406	0.440599592
1407	0.440797527
1408	0.440998866
1409	0.441203033
1410	0.441409331
1411	0.441616711
1412	0.441824235
1413	0.442031202
1414	0.442236602
1415	0.44243955
1416	0.442639431
1417	0.442835299
1418	0.443026377
1419	0.44321185
1420	0.44339034
1421	0.443560247
1422	0.443720233
1423	0.443868783
1424	0.444005125
1425	0.444129313
1426	0.444242086
1427	0.444345396
1428	0.444442464
1429	0.444536928
1430	0.444632923
1431	0.444734833
1432	0.444846443
1433	0.444971246
1434	0.445112201
1435	0.445271322
1436	0.445449915
1437	0.445648958
1438	0.445868426
1439	0.446107857
1440	0.446366362
1441	0.446642221
1442	0.446933107
1443	0.447236401
1444	0.447548728
1445	0.447866561
1446	0.44818665
1447	0.448505525
1448	0.448820152
1449	0.449128205
1450	0.449427709
1451	0.449717232
1452	0.449996214
1453	0.450264017
1454	0.4505203
1455	0.450765014
1456	0.45099789
1457	0.451218569
1458	0.451426916
1459	0.45162245
1460	0.451804798
1461	0.45197407
1462	0.452130201
1463	0.452273233
1464	0.452403621
1465	0.452521839
1466	0.45262838
1467	0.452724237
1468	0.452810148
1469	0.452887055
1470	0.452956459
1471	0.453020058
1472	0.453079751
1473	0.453138133
1474	0.45319768
1475	0.453260783
1476	0.453329982
1477	0.453407157
1478	0.453493572
1479	0.453590148
1480	0.453697037
1481	0.453813696
1482	0.453939626
1483	0.454073837
1484	0.454215303
1485	0.454363328
1486	0.454517285
1487	0.454676523
1488	0.454840929
1489	0.455010286
1490	0.455184264
1491	0.455362754
1492	0.455545297
1493	0.455731059
1494	0.455919179
1495	0.456108391
1496	0.456296951
1497	0.456483493
1498	0.456666505
1499	0.456844524
1500	0.457016427
1501	0.457181215
1502	0.457337942
1503	0.457486447
1504	0.457626721
1505	0.4577589
1506	0.457883733
1507	0.458002144
1508	0.458115191
1509	0.458224448
1510	0.458331513
1511	0.458437637
1512	0.458544376
1513	0.458652936
1514	0.458764232
1515	0.458879135
1516	0.45899812
1517	0.459120943
1518	0.459247398
1519	0.459376788
1520	0.459507992
1521	0.459640113
1522	0.459772234
1523	0.45990339
1524	0.460033128
1525	0.46016111
1526	0.460286708
1527	0.460409694
1528	0.460529683
1529	0.460646201
1530	0.460759182
1531	0.460868871
1532	0.460975456
1533	0.461079906
1534	0.461183496
1535	0.461287582
1536	0.461393919
1537	0.461504137
1538	0.461619296
1539	0.461740436
1540	0.461868333
1541	0.462002957
1542	0.462144154
1543	0.46229118
1544	0.46244263
1545	0.462597044
1546	0.462753052
1547	0.462909011
1548	0.463063988
1549	0.463217511
1550	0.463369471
1551	0.463520662
1552	0.463672475
1553	0.463826361
1554	0.463984277
1555	0.464148461
1556	0.464320828
1557	0.464503448
1558	0.464698007
1559	0.46490541
1560	0.465125911
1561	0.465358962
1562	0.465602404
1563	0.465853122
1564	0.466106921
1565	0.466358541
1566	0.466602484
1567	0.466833423
1568	0.467046104
1569	0.467236224
1570	0.467400646
1571	0.4675371
1572	0.467644975
1573	0.467725073
1574	0.467779186
1575	0.46781029
1576	0.46782254
1577	0.46782042
1578	0.467809036
1579	0.467793508
1580	0.467778382
1581	0.467767804
1582	0.467765408
1583	0.467773617
1584	0.467794066
1585	0.467827653
1586	0.46787402
1587	0.467932281
1588	0.468001089
1589	0.468078436
1590	0.468162175
1591	0.46825044
1592	0.468341233
1593	0.468433383
1594	0.46852645
1595	0.468620346
1596	0.468715641
1597	0.468813644
1598	0.468915685
1599	0.469023326
1600	0.469138162
1601	0.469261154
1602	0.469393031
1603	0.469534325
1604	0.469684999
1605	0.469844707
1606	0.470013291
1607	0.470190098
1608	0.470374576
1609	0.470566352
1610	0.470764727
1611	0.470968803
1612	0.471177836
1613	0.471390547
1614	0.471605643
1615	0.471822039
1616	0.472038135
1617	0.472252308
1618	0.472463179
1619	0.472669233
1620	0.472869077
1621	0.4730619
1622	0.47324679
1623	0.473423306
1624	0.473591606
1625	0.473752085
1626	0.473905331
1627	0.474052372
1628	0.474193911
1629	0.474330523
1630	0.474462971
1631	0.474591588
1632	0.474716336
1633	0.474837011
1634	0.474952763
1635	0.475062053
1636	0.475163235
1637	0.475253789
1638	0.475330815
1639	0.475391582
1640	0.475433525
1641	0.475454602
1642	0.475454109
1643	0.475432201
1644	0.475390284
1645	0.475331308
1646	0.475259058
1647	0.475178037
1648	0.47509345
1649	0.47501051
1650	0.474934146
1651	0.474869286
1652	0.474819943
1653	0.474789228
1654	0.474779422
1655	0.474791748
1656	0.474826353
1657	0.474882986
1658	0.474960417
1659	0.475056678
1660	0.475169651
1661	0.475296786
1662	0.475435289
1663	0.475582642
1664	0.475736273
1665	0.475893584
1666	0.476052765
1667	0.47621226
1668	0.476371028
1669	0.476528731
1670	0.476685237
1671	0.47684032
1672	0.47699429
1673	0.477147253
1674	0.477299119
1675	0.477450014
1676	0.477599881
1677	0.477748539
1678	0.477896235
1679	0.478043185
1680	0.478189327
1681	0.478334939
1682	0.478479917
1683	0.478623833
1684	0.478766274
1685	0.478906549
1686	0.479043421
1687	0.479175982
1688	0.479303231
1689	0.479424108
1690	0.479537948
1691	0.479644206
1692	0.479742424
1693	0.479832943
1694	0.479916514
1695	0.4799938
1696	0.480065989
1697	0.480134192
1698	0.480199206
1699	0.480261821
1700	0.480322611
1701	0.480381442
1702	0.480438253
1703	0.480492608
1704	0.48054366
1705	0.480590719
1706	0.480633003
1707	0.480669288
1708	0.480698661
1709	0.480720499
1710	0.480734226
1711	0.480740057
1712	0.4807387
1713	0.480731251
1714	0.480719579
1715	0.480706219
1716	0.480693741
1717	0.480685357
1718	0.480684355
1719	0.480693665
1720	0.480716094
1721	0.480754023
1722	0.480808745
1723	0.480880832
1724	0.480969958
1725	0.481074597
1726	0.481192733
1727	0.481321682
1728	0.481458034
1729	0.481598343
1730	0.481739505
1731	0.481878396
1732	0.482012744
1733	0.482140959
1734	0.482261993
1735	0.482375771
1736	0.482483112
1737	0.482585035
1738	0.48268313
1739	0.482779194
1740	0.482874601
1741	0.482970831
1742	0.483069104
1743	0.483169932
1744	0.483273438
1745	0.483379457
1746	0.483486928
1747	0.483594679
1748	0.483701263
1749	0.483804918
1750	0.483904161
1751	0.483998067
1752	0.484085837
1753	0.484167424
1754	0.484243496
1755	0.48431476
1756	0.484382304
1757	0.484447402
1758	0.484510946
1759	0.48457358
1760	0.484635847
1761	0.484697434
1762	0.484757945
1763	0.484816862
1764	0.484873156
1765	0.484925745
1766	0.484973988
1767	0.485017156
1768	0.485055057
1769	0.485088147
1770	0.485116889
1771	0.485142219
1772	0.485165519
1773	0.485188049
1774	0.485211111
1775	0.485236234
1776	0.485264277
1777	0.485295962
1778	0.485331885
1779	0.485372125
1780	0.48541631
1781	0.485463998
1782	0.485514108
1783	0.485565506
1784	0.485617353
1785	0.485668644
1786	0.485718643
1787	0.485767274
1788	0.485814661
1789	0.485861181
1790	0.48590787
1791	0.485955515
1792	0.486004965
1793	0.486057096
1794	0.486112351
1795	0.486170802
1796	0.486232647
1797	0.48629753
1798	0.486365026
1799	0.486434988
1800	0.486507028
1801	0.486580637
1802	0.486655408
1803	0.486730629
1804	0.486805375
1805	0.486879035
1806	0.486950601
1807	0.487019031
1808	0.487083471
1809	0.487142981
1810	0.487196585
1811	0.487243904
1812	0.487284427
1813	0.487317726
1814	0.487343809
1815	0.487362666
1816	0.487374421
1817	0.487379652
1818	0.48737888
1819	0.487372612
1820	0.48736199
1821	0.487348119
1822	0.487332289
1823	0.487316161
1824	0.487301373
1825	0.487289341
1826	0.487281848
1827	0.487280278
1828	0.487285704
1829	0.487299306
1830	0.48732193
1831	0.487354102
1832	0.487396498
1833	0.487449278
1834	0.487511871
1835	0.487583571
1836	0.487662867
1837	0.487747703
1838	0.487835893
1839	0.487924848
1840	0.488011507
1841	0.48809323
1842	0.488167394
1843	0.488231635
1844	0.488284374
1845	0.488324577
1846	0.488351744
1847	0.488366595
1848	0.488370694
1849	0.488366112
1850	0.488355955
1851	0.488343634
1852	0.488332591
1853	0.488326553
1854	0.488329101
1855	0.488343033
1856	0.488370994
1857	0.488414773
1858	0.488475171
1859	0.488552424
1860	0.48864583
1861	0.488753523
1862	0.488873385
1863	0.489002977
1864	0.489139464
1865	0.489280473
1866	0.489423739
1867	0.489567131
1868	0.489709107
1869	0.489848525
1870	0.489984092
1871	0.490115034
1872	0.490240545
1873	0.490359704
1874	0.490471949
1875	0.490576896
1876	0.490673858
1877	0.490762388
1878	0.490842036
1879	0.490912021
1880	0.490971852
1881	0.491020998
1882	0.491058724
1883	0.491084609
1884	0.49109861
1885	0.491100601
1886	0.491091208
1887	0.491071344
1888	0.491041931
1889	0.491004301
1890	0.490960109
1891	0.490910769
1892	0.490857968
1893	0.490803352
1894	0.49074816
1895	0.490693932
1896	0.490642233
1897	0.490594294
1898	0.490551405
1899	0.490514951
1900	0.490485814
1901	0.490465106
1902	0.490453763
1903	0.490452245
1904	0.490460918
1905	0.490480055
1906	0.490509272
1907	0.49054815
1908	0.490596079
1909	0.490651769
1910	0.49071392
1911	0.490781276
1912	0.490852322
1913	0.490925681
1914	0.491000296
1915	0.491074839
1916	0.491148451
1917	0.491220526
1918	0.491290205
1919	0.49135667
1920	0.491419333
1921	0.49147714
1922	0.491529231
1923	0.491574963
1924	0.491613306
1925	0.491643376
1926	0.491664553
1927	0.491676119
1928	0.491677752
1929	0.491669802
1930	0.491652659
1931	0.491627498
1932	0.49159629
1933	0.491561367
1934	0.491525478
1935	0.491491827
1936	0.491463152
1937	0.491442061
1938	0.491431015
1939	0.491431705
1940	0.49144531
1941	0.491472632
1942	0.49151358
1943	0.491567443
1944	0.491633194
1945	0.491708707
1946	0.491791264
1947	0.491877836
1948	0.491965006
1949	0.492049383
1950	0.492128283
1951	0.492199307
1952	0.492261066
1953	0.492313509
1954	0.492357416
1955	0.492394564
1956	0.492427825
1957	0.492460337
1958	0.492495378
1959	0.492536472
1960	0.492586372
1961	0.492647171
1962	0.492720193
1963	0.492805574
1964	0.492902451
1965	0.49300953
1966	0.493124471
1967	0.493244458
1968	0.493366683
1969	0.493488145
1970	0.493605989
1971	0.493717967
1972	0.493821993
1973	0.493916369
1974	0.494000442
1975	0.494074053
1976	0.494137858
1977	0.494193458
1978	0.494242776
1979	0.494287841
1980	0.4943312
1981	0.494374871
1982	0.494420322
1983	0.494468544
1984	0.494519471
1985	0.494572175
1986	0.494625515
1987	0.494677728
1988	0.494726729
1989	0.494770877
1990	0.494808496
1991	0.494838202
1992	0.494859313
1993	0.494871579
1994	0.494875124
1995	0.494871113
1996	0.494861008
1997	0.494846619
1998	0.494830358
1999	0.494814699
2000	0.494801979
2001	0.49479491
2002	0.494795858
2003	0.494806488
2004	0.494828238
2005	0.494861727
2006	0.494906849
2007	0.494963292
2008	0.49503025
2009	0.495106215
2010	0.495189865
2011	0.495279465
2012	0.495373043
2013	0.495468846
2014	0.495564806
2015	0.49565815
2016	0.495746062
2017	0.495825407
2018	0.495892842
2019	0.495945606
2020	0.495981258
2021	0.495997956
2022	0.495995075
2023	0.495973048
2024	0.495932892
2025	0.495876781
2026	0.495807315
2027	0.495727227
2028	0.495639581
2029	0.495547461
2030	0.495453522
2031	0.495360682
2032	0.495271812
2033	0.49518953
2034	0.495116818
2035	0.495056431
2036	0.49501056
2037	0.494981226
2038	0.49497
2039	0.494977405
2040	0.495003563
2041	0.495047727
2042	0.495108385
2043	0.495183862
2044	0.495272308
2045	0.495371466
2046	0.495479406
2047	0.495594146
2048	0.495713236
2049	0.495834289
2050	0.495954637
2051	0.496070955
2052	0.496179674
2053	0.496277108
2054	0.496359307
2055	0.496423186
2056	0.496466393
2057	0.496487311
2058	0.496485712
2059	0.49646278
2060	0.496420427
2061	0.496361673
2062	0.496289988
2063	0.496208557
2064	0.49612063
2065	0.496029194
2066	0.495936521
2067	0.495844652
2068	0.49575546
2069	0.495670181
2070	0.495590257
2071	0.495517098
2072	0.495451711
2073	0.495395002
2074	0.495347913
2075	0.495310856
2076	0.49528438
2077	0.495268968
2078	0.495264561
2079	0.495271166
2080	0.495288861
2081	0.495317185
2082	0.49535543
2083	0.495402652
2084	0.495456956
2085	0.495516197
2086	0.495577906
2087	0.495639123
2088	0.495696885
2089	0.495748586
2090	0.495791522
2091	0.495823719
2092	0.495844077
2093	0.49585198
2094	0.495847606
2095	0.495831971
2096	0.495806474
2097	0.495773184
2098	0.49573501
2099	0.49569491
2100	0.495656233
2101	0.49562261
2102	0.495597405
2103	0.495583707
2104	0.495584435
2105	0.495601297
2106	0.49563513
2107	0.495685976
2108	0.495752598
2109	0.495832852
2110	0.495924018
2111	0.496022547
2112	0.496124856
2113	0.496227898
2114	0.496328666
2115	0.49642477
2116	0.496514496
2117	0.496596481
2118	0.496669842
2119	0.496734422
2120	0.496790025
2121	0.496836771
2122	0.496875235
2123	0.496906081
2124	0.496930215
2125	0.496949086
2126	0.496963972
2127	0.496975913
2128	0.496985884
2129	0.496994004
2130	0.496999812
2131	0.497002574
2132	0.497000982
2133	0.496993566
2134	0.49697967
2135	0.496958962
2136	0.496931942
2137	0.496900236
2138	0.496865925
2139	0.496831413
2140	0.496799559
2141	0.496772644
2142	0.496752228
2143	0.496739416
2144	0.496734276
2145	0.49673634
2146	0.496745067
2147	0.496759544
2148	0.496778579
2149	0.496801518
2150	0.496827701
2151	0.49685666
2152	0.496888327
2153	0.496922528
2154	0.496958936
2155	0.496997771
2156	0.497039306
2157	0.497083873
2158	0.497132424
2159	0.497185948
2160	0.497245421
2161	0.497312007
2162	0.497386397
2163	0.497468348
2164	0.49755719
2165	0.497651129
2166	0.497747475
2167	0.497843282
2168	0.497935277
2169	0.498020064
2170	0.498095231
2171	0.49815923
2172	0.498211428
2173	0.498252663
2174	0.498284606
2175	0.498309451
2176	0.498330034
2177	0.498349181
2178	0.498369143
2179	0.498392007
2180	0.498418865
2181	0.49844988
2182	0.498484893
2183	0.498523229
2184	0.498563418
2185	0.498603825
2186	0.498642344
2187	0.498676492
2188	0.498704081
2189	0.498722954
2190	0.498731048
2191	0.498727135
2192	0.498710933
2193	0.498682961
2194	0.498645166
2195	0.498600171
2196	0.498550847
2197	0.498500459
2198	0.498452123
2199	0.498407958
2200	0.49836952
2201	0.498337235
2202	0.498310296
2203	0.498287571
2204	0.498267475
2205	0.498247923
2206	0.498227125
2207	0.498203569
2208	0.498175838
2209	0.498143406
2210	0.498106074
2211	0.498063798
2212	0.498017055
2213	0.497966583
2214	0.497912878
2215	0.497856835
2216	0.49779933
2217	0.497740885
2218	0.497682251
2219	0.49762438
2220	0.497568035
2221	0.497514131
2222	0.497463537
2223	0.497416546
2224	0.497373732
2225	0.497335768
2226	0.49730322
2227	0.497277166
2228	0.497259286
2229	0.497251144
2230	0.49725483
2231	0.49727241
2232	0.497305082
2233	0.497353326
2234	0.49741657
2235	0.497492764
2236	0.497579111
2237	0.497672216
2238	0.497767851
2239	0.497862093
2240	0.497951468
2241	0.498032776
2242	0.49810341
2243	0.498161518
2244	0.498205607
2245	0.498235352
2246	0.498251495
2247	0.498255387
2248	0.498249382
2249	0.498236875
2250	0.498221575
2251	0.498207576
2252	0.49819915
2253	0.498199742
2254	0.498212101
2255	0.498237917
2256	0.498277354
2257	0.498329398
2258	0.498392116
2259	0.498462105
2260	0.498535483
2261	0.498608414
2262	0.498677059
2263	0.498738197
2264	0.498789569
2265	0.498829384
2266	0.498856575
2267	0.498870755
2268	0.498871488
2269	0.498858729
2270	0.498832818
2271	0.498794214
2272	0.498743984
2273	0.498684197
2274	0.498617052
2275	0.498545127
2276	0.498471199
2277	0.498397645
2278	0.49832643
2279	0.498259063
2280	0.498195955
2281	0.498136992
2282	0.498082114
2283	0.498030978
2284	0.497983534
2285	0.497940233
2286	0.497901733
2287	0.497869088
2288	0.497844055
2289	0.497828188
2290	0.497823119
2291	0.497830595
2292	0.497851987
2293	0.497888438
2294	0.497941182
2295	0.49801077
2296	0.498097186
2297	0.498200111
2298	0.498318166
2299	0.498449044
2300	0.498589548
2301	0.498735088
2302	0.498879886
2303	0.499017692
2304	0.499141426
2305	0.499244078
2306	0.49931953
2307	0.499362631
2308	0.499369757
2309	0.499339744
2310	0.4992735
2311	0.49917401
2312	0.499046371
2313	0.498896853
2314	0.498732666
2315	0.498561856
2316	0.498392381
2317	0.498231635
2318	0.498086739
2319	0.497963644
2320	0.497867169
2321	0.4978011
2322	0.497767493
2323	0.497766387
2324	0.497796444
2325	0.497854568
2326	0.497936235
2327	0.498036287
2328	0.498148853
2329	0.498267907
2330	0.498388104
2331	0.498504691
2332	0.498613558
2333	0.498711989
2334	0.498798108
2335	0.498871012
2336	0.49893098
2337	0.498978912
2338	0.499015917
2339	0.499043777
2340	0.499064273
2341	0.499079019
2342	0.499089889
2343	0.499098534
2344	0.499106274
2345	0.499114511
2346	0.499124346
2347	0.499136306
2348	0.499150923
2349	0.499168032
2350	0.499186831
2351	0.499206449
2352	0.499225903
2353	0.499244069
2354	0.499260515
2355	0.499274923
2356	0.499286919
2357	0.49929662
2358	0.499304196
2359	0.499309513
2360	0.499312453
2361	0.499312529
2362	0.499308699
2363	0.49930016
2364	0.499285807
2365	0.499264293
2366	0.499234675
2367	0.499196382
2368	0.499148899
2369	0.499092592
2370	0.499028282
2371	0.498957022
2372	0.498880646
2373	0.498801441
2374	0.498721719
2375	0.498644254
2376	0.498571935
2377	0.498507225
2378	0.49845281
2379	0.498410966
2380	0.498383147
2381	0.498370281
2382	0.49837262
2383	0.498389219
2384	0.498418858
2385	0.498459836
2386	0.498509834
2387	0.498566569
2388	0.498627726
2389	0.498687759
2390	0.498746215
2391	0.498804679
2392	0.498863251
2393	0.498921752
2394	0.498979957
2395	0.499037662
2396	0.499094667
2397	0.499150797
2398	0.499205929
2399	0.499259993
